17676.0607144345 60.6082935541887 -0.01
17676.1407144345 60.6209126685366 -0.01
17676.2207144345 60.8773848194451 -0.01
17676.3007144345 61.3713892072828 -0.01
17676.3807144345 61.9775521613775 -0.01
17676.4607144345 62.5706948290115 -0.01
17676.5407144345 63.0479668841527 -0.01
17676.6207144345 63.3401715940485 -0.01
17676.7007144345 63.4161196831324 -0.01
17676.7807144345 63.2821595577882 -0.01
17676.8607144345 62.9796320113566 -0.01
17676.9407144345 62.5779113314884 -0.01
17677.0207144345 62.1603531939525 -0.01
17677.1007144345 61.8052841234987 -0.01
17677.1807144345 61.5700432684462 -0.01
17677.2607144345 61.4833230027036 -0.01
17677.3407144345 61.5448653779182 -0.01
17677.4207144345 61.7284407979915 -0.01
17677.5007144345 61.9878783551161 -0.01
17677.5807144345 62.2665202804467 -0.01
17677.6607144345 62.5094462697485 -0.01
17677.7407144345 62.6743439522451 -0.01
17677.8207144345 62.7383167469393 -0.01
17677.9007144345 62.6989863527749 -0.01
17677.9807144345 62.5722590152352 -0.01
17678.0607144345 62.3875133513263 -0.01
17678.1407144345 62.1817936682705 -0.01
17678.2207144345 61.9928490180792 -0.01
17678.3007144345 61.8523905990315 -0.01
17678.3807144345 61.780411391323 -0.01
17678.4607144346 61.782346347339 -0.01
17678.5407144346 61.8495351867445 -0.01
17678.6207144346 61.9623749692789 -0.01
17678.7007144346 62.0953019806433 -0.01
17678.7807144346 62.2219970418582 -0.01
17678.8607144346 62.3201600027984 -0.01
17678.9407144346 62.3749487129786 -0.01
17679.0207144346 62.3808963805742 -0.01
17679.1007144346 62.3420079311818 -0.01
17679.1807144346 62.2702753060207 -0.01
17679.2607144346 62.1827049686071 -0.01
17679.3407144346 62.0951447011325 -0.01
17679.4207144346 62.0133589315387 -0.01
17679.5007144346 61.9405573093128 -0.01
17679.5807144346 61.8909689172968 -0.01
17679.6607144346 61.8769228514628 -0.01
17679.7407144346 61.90774274674 -0.01
17679.8207144346 61.9833409316502 -0.01
17679.9007144346 62.0732434278978 -0.01
17679.9807144346 62.1301650303871 -0.01
17680.0607144346 62.1200590230461 -0.01
17680.1407144346 62.0588104247817 -0.01
17680.2207144346 61.9826374298032 -0.01
17680.3007144346 61.9268669027034 -0.01
17680.3807144346 61.90811929181 -0.01
17680.4607144346 61.9020238218273 -0.01
17680.5407144346 61.867088772142 -0.01
17680.6207144346 61.7811780006404 -0.01
17680.7007144346 61.6785106197219 -0.01
17680.7807144346 61.6061167690721 -0.01
17680.8607144346 61.5864960405612 -0.01
17680.9407144346 61.6171748055106 -0.01
17681.0207144346 61.6733700350338 -0.01
17681.1007144346 61.6996487501134 -0.01
17681.1807144346 61.6520524430465 -0.01
17681.2607144346 61.5530457388687 -0.01
17681.3407144346 61.4514860156691 -0.01
17681.4207144346 61.3737870896495 -0.01
17681.5007144346 61.3256127209814 -0.01
17681.5807144346 61.3083130236964 -0.01
17681.6607144346 61.2816177527898 -0.01
17681.7407144346 61.1967340990566 -0.01
17681.8207144346 61.0693465690495 -0.01
17681.9007144346 60.9484295632895 -0.01
17681.9807144346 60.8649139292139 -0.01
17682.0607144346 60.8322202094335 -0.01
17682.1407144346 60.8508510088688 -0.01
17682.2207144346 60.8682731923583 -0.01
17682.3007144346 60.8194958066812 -0.01
17682.3807144346 60.6928931484457 -0.01
17682.4607144346 60.539768946313 -0.01
17682.5407144346 60.4116738705434 -0.01
17682.6207144346 60.3420746976791 -0.01
17682.7007144346 60.3381293386671 -0.01
17682.7807144346 60.3461833917722 -0.01
17682.8607144346 60.2929108715761 -0.01
17682.9407144346 60.1471818665477 -0.01
17683.0207144347 59.9652916755908 -0.01
17683.1007144347 59.8163386769868 -0.01
17683.1807144347 59.7368785537101 -0.01
17683.2607144347 59.7284292282559 -0.01
17683.3407144347 59.7429699936462 -0.01
17683.4207144347 59.6975592990742 -0.01
17683.5007144347 59.5466616857914 -0.01
17683.5807144347 59.3437201724051 -0.01
17683.6607144347 59.1648438972508 -0.01
17683.7407144347 59.0522272450642 -0.01
17683.8207144347 59.0123835081998 -0.01
17683.9007144347 59.0095544215454 -0.01
17683.9807144347 58.9574124165831 -0.01
17684.0607144347 58.7925647286138 -0.01
17684.1407144347 58.5654388992307 -0.01
17684.2207144347 58.3617958846128 -0.01
17684.3007144347 58.2316747702781 -0.01
17684.3807144347 58.1838035139539 -0.01
17684.4607144347 58.1817208342485 -0.01
17684.5407144347 58.1276942460131 -0.01
17684.6207144347 57.9474869501473 -0.01
17684.7007144347 57.6939406674522 -0.01
17684.7807144347 57.4618532624418 -0.01
17684.8607144347 57.3161246193688 -0.01
17684.9407144347 57.2703987978064 -0.01
17685.0207144347 57.2671380059748 -0.01
17685.1007144347 57.1948379861711 -0.01
17685.1807144347 56.9822479534314 -0.01
17685.2607144347 56.6984097267785 -0.01
17685.3407144347 56.4489640672573 -0.01
17685.4207144347 56.3049291453954 -0.01
17685.5007144347 56.2750235055047 -0.01
17685.5807144347 56.2772272932827 -0.01
17685.6607144347 56.189236030072 -0.01
17685.7407144347 55.9466787350017 -0.01
17685.8207144347 55.6353400550524 -0.01
17685.9007144347 55.3691673296687 -0.01
17685.9807144347 55.2123023635729 -0.01
17686.0607144347 55.1597012275371 -0.01
17686.1407144347 55.1372973882261 -0.01
17686.2207144347 55.0256160831234 -0.01
17686.3007144347 54.7813022700412 -0.01
17686.3807144347 54.4949125091184 -0.01
17686.4607144347 54.2696008689455 -0.01
17686.5407144347 54.1662426407799 -0.01
17686.6207144347 54.180520302156 -0.01
17686.7007144347 54.2097882743811 -0.01
17686.7807144347 54.130809950435 -0.01
17686.8607144347 53.8905619407195 -0.01
17686.9407144347 53.5815407508023 -0.01
17687.0207144347 53.3140463989163 -0.01
17687.1007144347 53.1554211686363 -0.01
17687.1807144347 53.1081754638797 -0.01
17687.2607144347 53.0780013438179 -0.01
17687.3407144347 52.9504939431842 -0.01
17687.4207144347 52.6797381025057 -0.01
17687.5007144347 52.3629419140717 -0.01
17687.5807144347 52.1089000801207 -0.01
17687.6607144348 51.9777278799536 -0.01
17687.7407144348 51.9610552889165 -0.01
17687.8207144348 51.9486582683198 -0.01
17687.9007144348 51.827208266178 -0.01
17687.9807144348 51.5536900031277 -0.01
17688.0607144348 51.238122908752 -0.01
17688.1407144348 50.9985298327978 -0.01
17688.2207144348 50.8942293002126 -0.01
17688.3007144348 50.8989567882261 -0.01
17688.3807144348 50.9060081631148 -0.01
17688.4607144348 50.8059795251816 -0.01
17688.5407144348 50.5608464814027 -0.01
17688.6207144348 50.2652623421632 -0.01
17688.7007144348 50.0579285458341 -0.01
17688.7807144348 50.00431733099 -0.01
17688.8607144348 50.0083548192499 -0.01
17688.9407144348 49.9414122909949 -0.01
17689.0207144348 49.7348834024576 -0.01
17689.1007144348 49.4234677438066 -0.01
17689.1807144348 49.1242876787257 -0.01
17689.2607144348 48.9480883565319 -0.01
17689.3407144348 48.9230670496251 -0.01
17689.4207144348 48.9380215299111 -0.01
17689.5007144348 48.8421092983015 -0.01
17689.5807144348 48.5691191587653 -0.01
17689.6607144348 48.2264218115905 -0.01
17689.7407144348 47.9503124202098 -0.01
17689.8207144348 47.808337339197 -0.01
17689.9007144348 47.7930305894481 -0.01
17689.9807144348 47.7946467051867 -0.01
17690.0607144348 47.6951895341402 -0.01
17690.1407144348 47.4547429043908 -0.01
17690.2207144348 47.172924745835 -0.01
17690.3007144348 46.9903151186181 -0.01
17690.3807144348 46.9658739182795 -0.01
17690.4607144348 46.9926624409353 -0.01
17690.5407144348 46.9464495852098 -0.01
17690.6207144348 46.7639602197269 -0.01
17690.7007144348 46.4621082755249 -0.01
17690.7807144348 46.1546280477103 -0.01
17690.8607144348 45.9619919379652 -0.01
17690.9407144348 45.923333063085 -0.01
17691.0207144348 45.9316571013278 -0.01
17691.1007144348 45.8354927598572 -0.01
17691.1807144348 45.5688660955162 -0.01
17691.2607144348 45.240618065297 -0.01
17691.3407144348 44.9810457554066 -0.01
17691.4207144348 44.8548487247855 -0.01
17691.5007144348 44.8356769976628 -0.01
17691.5807144348 44.8123334348271 -0.01
17691.6607144348 44.6703235872562 -0.01
17691.7407144348 44.3898398489717 -0.01
17691.8207144348 44.0862418931693 -0.01
17691.9007144348 43.9047572320367 -0.01
17691.9807144348 43.8991388355052 -0.01
17692.0607144348 43.9535503392579 -0.01
17692.1407144348 43.9260367842191 -0.01
17692.2207144349 43.7477190644166 -0.01
17692.3007144349 43.4618169919724 -0.01
17692.3807144349 43.1845642649574 -0.01
17692.4607144349 43.0162462434017 -0.01
17692.5407144349 42.976772409209 -0.01
17692.6207144349 42.9592744861725 -0.01
17692.7007144349 42.8299266307986 -0.01
17692.7807144349 42.5413866747632 -0.01
17692.8607144349 42.2085827232863 -0.01
17692.9407144349 41.9902529724129 -0.01
17693.0207144349 41.9530892528547 -0.01
17693.1007144349 41.98899769563 -0.01
17693.1807144349 41.9346855902773 -0.01
17693.2607144349 41.7056380308739 -0.01
17693.3407144349 41.3720947032071 -0.01
17693.4207144349 41.0785266281682 -0.01
17693.5007144349 40.9220782258896 -0.01
17693.5807144349 40.9106654416421 -0.01
17693.6607144349 40.9252750393647 -0.01
17693.7407144349 40.8319712348057 -0.01
17693.8207144349 40.5877516541009 -0.01
17693.9007144349 40.3035006340703 -0.01
17693.9807144349 40.1291040940003 -0.01
17694.0607144349 40.1198554707136 -0.01
17694.1407144349 40.1558910147247 -0.01
17694.2207144349 40.1023159439454 -0.01
17694.3007144349 39.9009406306107 -0.01
17694.3807144349 39.5908955351134 -0.01
17694.4607144349 39.2937983195191 -0.01
17694.5407144349 39.1196861718039 -0.01
17694.6207144349 39.0923230465553 -0.01
17694.7007144349 39.0977464904301 -0.01
17694.7807144349 38.9907894572674 -0.01
17694.8607144349 38.7178934025911 -0.01
17694.9407144349 38.3961454895975 -0.01
17695.0207144349 38.1796739108568 -0.01
17695.1007144349 38.1297162493626 -0.01
17695.1807144349 38.1457516779021 -0.01
17695.2607144349 38.0857480583759 -0.01
17695.3407144349 37.8717106533039 -0.01
17695.4207144349 37.5641559201006 -0.01
17695.5007144349 37.2938482030637 -0.01
17695.5807144349 37.1629559646667 -0.01
17695.6607144349 37.1801067599624 -0.01
17695.7407144349 37.2214230522467 -0.01
17695.8207144349 37.1418592402009 -0.01
17695.9007144349 36.8916511161171 -0.01
17695.9807144349 36.5859384352098 -0.01
17696.0607144349 36.3853037760208 -0.01
17696.1407144349 36.3524766159515 -0.01
17696.2207144349 36.3681869962324 -0.01
17696.3007144349 36.2819945910945 -0.01
17696.3807144349 36.0349485330557 -0.01
17696.4607144349 35.7073496691552 -0.01
17696.5407144349 35.4320331359837 -0.01
17696.6207144349 35.2969412318155 -0.01
17696.7007144349 35.297588405459 -0.01
17696.780714435 35.308092702532 -0.01
17696.860714435 35.1895308839855 -0.01
17696.940714435 34.9005677653829 -0.01
17697.020714435 34.5743477396537 -0.01
17697.100714435 34.3739394497127 -0.01
17697.180714435 34.3613433740039 -0.01
17697.260714435 34.4099280338929 -0.01
17697.340714435 34.3530641011629 -0.01
17697.420714435 34.1267178507359 -0.01
17697.500714435 33.8354042912282 -0.01
17697.580714435 33.6481278978987 -0.01
17697.660714435 33.6375283730767 -0.01
17697.740714435 33.6843580234352 -0.01
17697.820714435 33.6396988531915 -0.01
17697.900714435 33.4374903613077 -0.01
17697.980714435 33.1255726327628 -0.01
17698.060714435 32.8356437213618 -0.01
17698.140714435 32.6778375496561 -0.01
17698.220714435 32.6669604832281 -0.01
17698.300714435 32.6799942268419 -0.01
17698.380714435 32.5715517049091 -0.01
17698.460714435 32.2960739065234 -0.01
17698.540714435 31.9791553418234 -0.01
17698.620714435 31.7747403237245 -0.01
17698.700714435 31.7337453831183 -0.01
17698.780714435 31.7582799234594 -0.01
17698.860714435 31.6804650773666 -0.01
17698.940714435 31.4342400293493 -0.01
17699.020714435 31.1264615050066 -0.01
17699.100714435 30.9032286216761 -0.01
17699.180714435 30.83612804227 -0.01
17699.260714435 30.8773496626255 -0.01
17699.340714435 30.8942134077775 -0.01
17699.420714435 30.7753070682205 -0.01
17699.500714435 30.5054483724055 -0.01
17699.580714435 30.2062942045212 -0.01
17699.660714435 30.0209658768755 -0.01
17699.740714435 29.9946348113416 -0.01
17699.820714435 30.0057826320924 -0.01
17699.900714435 29.8982804686011 -0.01
17699.980714435 29.6195368231743 -0.01
17700.060714435 29.2905961609865 -0.01
17700.140714435 29.0896493196085 -0.01
17700.220714435 29.0861573171796 -0.01
17700.300714435 29.1443643668635 -0.01
17700.380714435 29.066533058319 -0.01
17700.460714435 28.7766112523866 -0.01
17700.540714435 28.4259900865995 -0.01
17700.620714435 28.2092007210159 -0.01
17700.700714435 28.2000211871662 -0.01
17700.780714435 28.2660230859902 -0.01
17700.860714435 28.2318186363646 -0.01
17700.940714435 28.0277043762432 -0.01
17701.020714435 27.7439404139986 -0.01
17701.100714435 27.5285040349186 -0.01
17701.180714435 27.4594801317576 -0.01
17701.260714435 27.4843973031316 -0.01
17701.340714435 27.4707153044116 -0.01
17701.4207144351 27.3158159966281 -0.01
17701.5007144351 27.0171752462944 -0.01
17701.5807144351 26.7057470623501 -0.01
17701.6607144351 26.5259694358391 -0.01
17701.7407144351 26.517588171772 -0.01
17701.8207144351 26.5504769232285 -0.01
17701.9007144351 26.4564540560891 -0.01
17701.9807144351 26.1792929932565 -0.01
17702.0607144351 25.8542898297952 -0.01
17702.1407144351 25.6624912875834 -0.01
17702.2207144351 25.6598437453014 -0.01
17702.3007144351 25.7079205245436 -0.01
17702.3807144351 25.6153187750057 -0.01
17702.4607144351 25.3324608939564 -0.01
17702.5407144351 25.0100862374062 -0.01
17702.6207144351 24.8378254108768 -0.01
17702.7007144351 24.8720997014009 -0.01
17702.7807144351 24.9613345671761 -0.01
17702.8607144351 24.9130172838114 -0.01
17702.9407144351 24.6629303683714 -0.01
17703.0207144351 24.3438006031728 -0.01
17703.1007144351 24.1454837494103 -0.01
17703.1807144351 24.1369446504819 -0.01
17703.2607144351 24.1791984356143 -0.01
17703.3407144351 24.0829785759746 -0.01
17703.4207144351 23.7873200863118 -0.01
17703.5007144351 23.4393670239514 -0.01
17703.5807144351 23.238679336296 -0.01
17703.6607144351 23.251912297099 -0.01
17703.7407144351 23.3257804873103 -0.01
17703.8207144351 23.253032810707 -0.01
17703.9007144351 22.9633907844874 -0.01
17703.9807144351 22.6107251013361 -0.01
17704.0607144351 22.4000262496088 -0.01
17704.1407144351 22.3904138181454 -0.01
17704.2207144351 22.4518476156392 -0.01
17704.3007144351 22.3910638437647 -0.01
17704.3807144351 22.1384655595374 -0.01
17704.4607144351 21.8343207053312 -0.01
17704.5407144351 21.6682590841333 -0.01
17704.6207144351 21.6996836826882 -0.01
17704.7007144351 21.7774432311356 -0.01
17704.7807144351 21.7144695171117 -0.01
17704.8607144351 21.4515324229172 -0.01
17704.9407144351 21.1153288970061 -0.01
17705.0207144351 20.8954125005993 -0.01
17705.1007144351 20.8696020789802 -0.01
17705.1807144351 20.9145046947563 -0.01
17705.2607144351 20.8447525658838 -0.01
17705.3407144351 20.5858822831208 -0.01
17705.4207144351 20.2578097754338 0.01
17705.5007144351 20.0191891982199 -0.01
17705.5807144351 19.9410944156516 -0.01
17705.6607144351 19.971267259819 -0.01
17705.7407144351 19.9657735850572 -0.01
17705.8207144351 19.8226734887496 -0.01
17705.9007144351 19.5424899797192 -0.01
17705.9807144352 19.2588968816922 -0.01
17706.0607144352 19.1139453222547 -0.01
17706.1407144352 19.1396338883954 -0.01
17706.2207144352 19.1978616973024 -0.01
17706.3007144352 19.118389892306 -0.01
17706.3807144352 18.8486467850085 -0.01
17706.4607144352 18.5276497773817 0.01
17706.5407144352 18.3371333160318 -0.01
17706.6207144352 18.3355953510344 -0.01
17706.7007144352 18.3811364645156 -0.01
17706.7807144352 18.2850399349122 -0.01
17706.8607144352 17.9899091048894 0.01
17706.9407144352 17.6488174630017 0.01
17707.0207144352 17.4594248866258 -0.01
17707.1007144352 17.4822678120085 -0.01
17707.1807144352 17.5606846184064 -0.01
17707.2607144352 17.4906128649641 -0.01
17707.3407144352 17.2092710785444 0.01
17707.4207144352 16.8733235779781 0.01
17707.5007144352 16.6846031988658 -0.01
17707.5807144352 16.7035785505949 -0.01
17707.6607144352 16.7714139707799 -0.01
17707.7407144352 16.6848239162825 -0.01
17707.8207144352 16.3861816220755 0.01
17707.9007144352 16.0384300790724 0.01
17707.9807144352 15.8466669812572 -0.01
17708.0607144352 15.8705374030305 -0.01
17708.1407144352 15.9482148183415 -0.01
17708.2207144352 15.8734571342868 -0.01
17708.3007144352 15.5866612025856 0.01
17708.3807144352 15.2492183905205 0.01
17708.4607144352 15.0645438218184 -0.01
17708.5407144352 15.0906894735502 -0.01
17708.6207144352 15.1653038756456 -0.01
17708.7007144352 15.0833192392247 -0.01
17708.7807144352 14.7876633444094 0.01
17708.8607144352 14.4423916694509 0.01
17708.9407144352 14.2526489949509 -0.01
17709.0207144352 14.277139732912 -0.01
17709.1007144352 14.3534725763405 -0.01
17709.1807144352 14.2760875508807 -0.01
17709.2607144352 13.9870685795168 0.01
17709.3407144352 13.6491468096433 0.01
17709.4207144352 13.4659411021307 -0.01
17709.5007144352 13.4947731158161 -0.01
17709.5807144352 13.5724567446689 -0.01
17709.6607144352 13.4935864592213 -0.01
17709.7407144352 13.2011064186921 0.01
17709.8207144352 12.8590536374235 0.01
17709.9007144352 12.6720741903188 -0.01
17709.9807144352 12.6982838678267 -0.01
17710.0607144352 12.7750127319117 -0.01
17710.1407144352 12.69708247448 -0.01
17710.2207144352 12.4073604843737 0.01
17710.3007144352 12.069329008735 0.01
17710.3807144352 11.886841118579 -0.01
17710.4607144352 11.9169491339435 -0.01
17710.5407144353 11.9962824227677 -0.01
17710.6207144353 11.9193361412155 -0.01
17710.7007144353 11.629188870439 0.01
17710.7807144353 11.2897826266063 0.01
17710.8607144353 11.1054879856246 0.01
17710.9407144353 11.1333578723009 -0.01
17711.0207144353 11.2097894811752 -0.01
17711.1007144353 11.1331167686062 -0.01
17711.1807144353 10.8483937700111 0.01
17711.2607144353 10.5184333902805 0.01
17711.3407144353 10.3440443412694 0.01
17711.4207144353 10.3796075417975 -0.01
17711.5007144353 10.4624205907188 -0.01
17711.5807144353 10.3934274556347 -0.01
17711.6607144353 10.1184198361913 0.01
17711.7407144353 9.79685689976312 0.01
17711.8207144353 9.6253067455381 0.01
17711.9007144353 9.6573264080407 -0.01
17711.9807144353 9.73495418537198 -0.01
17712.0607144353 9.66713674556112 -0.01
17712.1407144353 9.40254818182932 0.01
17712.2207144353 9.09240724407 0.01
17712.3007144353 8.92674894704593 0.01
17712.3807144353 8.95938909024944 -0.01
17712.4607144353 9.03847650399067 -0.01
17712.5407144353 8.99142751780408 -0.01
17712.6207144353 8.76960086384877 0.01
17712.7007144353 8.48609478333255 0.01
17712.7807144353 8.31739290093152 0.01
17712.8607144353 8.33345769815611 -0.01
17712.9407144353 8.40579242981821 -0.01
17713.0207144353 8.37975830211117 -0.01
17713.1007144353 8.19956930401014 0.01
17713.1807144353 7.9397889666094 0.01
17713.2607144353 7.72801318775258 0.01
17713.3407144353 7.64390593971328 -0.01
17713.4207144353 7.67456525380109 -0.01
17713.5007144353 7.70395603545246 -0.01
17713.5807144353 7.61773194944463 -0.01
17713.6607144353 7.39525340169835 0.01
17713.7407144353 7.15193489409037 0.01
17713.8207144353 7.02261105114774 0.01
17713.9007144353 7.04374837807556 -0.01
17713.9807144353 7.09549143255734 -0.01
17714.0607144353 7.05023641009484 -0.01
17714.1407144353 6.87067861205183 0.01
17714.2207144353 6.63367586074854 0.01
17714.3007144353 6.48321871881137 0.01
17714.3807144353 6.48967339829472 -0.01
17714.4607144353 6.55377280266661 -0.01
17714.5407144353 6.55187070626983 -0.01
17714.6207144353 6.42813293664325 0.01
17714.7007144353 6.2162206792346 0.01
17714.7807144353 6.02259833037007 0.01
17714.8607144353 5.93609228147268 -0.01
17714.9407144353 5.96302593946039 -0.01
17715.0207144353 6.00084934280108 -0.01
17715.1007144354 5.93583207267163 -0.01
17715.1807144354 5.74117760274466 0.01
17715.2607144354 5.52252533683355 0.01
17715.3407144354 5.4077933944112 0.01
17715.4207144354 5.43354233192274 -0.01
17715.5007144354 5.48986049837583 -0.01
17715.5807144354 5.44103590136844 -0.01
17715.6607144354 5.24768111996084 0.01
17715.7407144354 5.02223192966273 0.01
17715.8207144354 4.9056378064655 0.01
17715.9007144354 4.93859797128715 -0.01
17715.9807144354 5.00634124492684 -0.01
17716.0607144354 4.97232864372324 -0.01
17716.1407144354 4.79755597322652 0.01
17716.2207144354 4.58359396380607 0.01
17716.3007144354 4.46809002187602 0.01
17716.3807144354 4.49624546948847 -0.01
17716.4607144354 4.56107388610955 -0.01
17716.5407144354 4.53507020059442 -0.01
17716.6207144354 4.37931786326116 0.01
17716.7007144354 4.17896423581876 0.01
17716.7807144354 4.06448707831205 0.01
17716.8607144354 4.08703174169708 -0.01
17716.9407144354 4.15089410470171 -0.01
17717.0207144354 4.13374420566759 -0.01
17717.1007144354 3.99298433073241 0.01
17717.1807144354 3.80579776287448 0.01
17717.2607144354 3.6899222317129 0.01
17717.3407144354 3.69528153629631 -0.01
17717.4207144354 3.74963880194652 -0.01
17717.5007144354 3.75825886412183 -0.01
17717.5807144354 3.67464572154479 0.01
17717.6607144354 3.51867728322333 0.01
17717.7407144354 3.37252410641475 0.01
17717.8207144354 3.30922507313834 0.01
17717.9007144354 3.33521204302354 -0.01
17717.9807144354 3.37033449518449 -0.01
17718.0607144354 3.3307746019332 -0.01
17718.1407144354 3.19692666729333 0.01
17718.2207144354 3.04753022288051 0.01
17718.3007144354 2.97522753332373 0.01
17718.3807144354 3.00486094300992 -0.01
17718.4607144354 3.05496434515752 -0.01
17718.5407144354 3.02866482266178 -0.01
17718.6207144354 2.89857971513391 0.01
17718.7007144354 2.74501517296943 0.01
17718.7807144354 2.6666659764067 0.01
17718.8607144354 2.69190591132922 -0.01
17718.9407144354 2.74094528605882 -0.01
17719.0207144354 2.71808607347763 -0.01
17719.1007144354 2.59665196418592 0.01
17719.1807144354 2.45437530503563 0.01
17719.2607144354 2.38543561820588 0.01
17719.3407144354 2.41519801122645 -0.01
17719.4207144354 2.46622567751101 -0.01
17719.5007144354 2.44746653691112 -0.01
17719.5807144354 2.33437769503273 0.01
17719.6607144354 2.20056343005787 0.01
17719.7407144355 2.13442283975145 0.01
17719.8207144355 2.15964819102067 -0.01
17719.9007144355 2.20451688400391 -0.01
17719.9807144355 2.18559061488208 -0.01
17720.0607144355 2.08099076897996 0.01
17720.1407144355 1.9589478947818 0.01
17720.2207144355 1.90034742185669 0.01
17720.3007144355 1.92630019779446 -0.01
17720.3807144355 1.9701533291368 -0.01
17720.4607144355 1.95529057530621 -0.01
17720.5407144355 1.86150205356757 0.01
17720.6207144355 1.75093286848157 0.01
17720.7007144355 1.69720125794957 0.01
17720.7807144355 1.71963641578205 -0.01
17720.8607144355 1.7579750628906 -0.01
17720.9407144355 1.74346853388086 -0.01
17721.0207144355 1.65824343070484 0.01
17721.1007144355 1.5586003362016 0.01
17721.1807144355 1.51073983854569 0.01
17721.2607144355 1.53192666138285 -0.01
17721.3407144355 1.56778558442495 -0.01
17721.4207144355 1.55807800645911 -0.01
17721.5007144355 1.4869075836352 0.01
17721.5807144355 1.4010159254545 0.01
17721.6607144355 1.35817207799502 0.01
17721.7407144355 1.37531465932481 -0.01
17721.8207144355 1.40606637204379 -0.01
17721.9007144355 1.39934105926882 -0.01
17721.9807144355 1.34065725869007 0.01
17722.0607144355 1.26714132092484 0.01
17722.1407144355 1.22842708646139 0.01
17722.2207144355 1.24162511736699 -0.01
17722.3007144355 1.26845520256655 -0.01
17722.3807144355 1.2649958127339 -0.01
17722.4607144355 1.21721930723291 0.01
17722.5407144355 1.15588759593306 0.01
17722.6207144355 1.12317751888093 0.01
