0 -1376.18530273438 -1
0.220000000004802 -1361.17077636719 -1
0.440000000009604 -1345.21374511719 -1
0.660000000014406 -1328.69104003906 -1
0.880000000019209 -1313.25297799672 -1
1.10000000002401 -1307.07585534302 -1
1.32000000002881 -1302.09043768712 -1
1.54000000003361 -1298.45755738183 -1
1.76000000003842 -1296.36521091429 -1
1.98000000004322 -1295.99294819334 -1
2.20000000004802 -1297.51976470789 -1
2.42000000005282 -1301.1273641655 -1
2.64000000005763 -1306.98952229111 -1
2.86000000006243 -1315.26977105427 -1
3.08000000006723 -1326.1209076232 -1
3.30000000007203 -1339.68091286661 -1
3.52000000007683 -1356.0670772664 -1
3.74000000008164 -1375.36931793508 -1
3.96000000008644 -1397.64969594707 -1
0 323.997680664063 1
0.220000000004802 314.427368164063 1
0.440000000009604 304.219360351563 1
0.660000000014406 293.136976698763 1
0.880000000019209 281.194099910208 1
1.10000000002401 268.148610877688 1
1.32000000002881 253.832534932299 1
1.54000000003361 238.135131835938 1
1.76000000003842 220.893435677048 1
1.98000000004322 201.969005164225 1
2.20000000004802 181.247436523438 1
2.42000000005282 158.615526651614 1
2.64000000005763 133.979736328125 1
2.86000000006243 107.270643779077 1
3.08000000006723 78.4409389967332 1
3.30000000007203 47.471923828125 -1
3.52000000007683 14.4501953125 -1
3.74000000008164 -19.5755615234375 -1
3.96000000008644 -53.1488255236764 -1
4.18000000009124 -86.2541007661494 -1
4.40000000009604 -118.992919921875 -1
4.62000000010084 -151.047755790874 -1
4.84000000010565 -182.328857421875 -1
5.06000000011045 -212.759765625 -1
5.28000000011525 -242.15283203125 -1
5.50000000012005 -270.375659738202 -1
5.72000000012486 -297.296027355595 -1
5.94000000012966 -322.749232924776 -1
6.16000000013446 -346.580219832133 -1
6.38000000013926 -368.632080078125 -1
6.60000000014406 -388.737230475759 -1
6.82000000014887 -406.727783203125 -1
7.04000000015367 -422.43603515625 -1
7.26000000015847 -435.691597683006 -1
7.48000000016327 -446.326170177315 -1
7.70000000016807 -454.175537109375 -1
7.92000000017288 -459.0810546875 -1
8.14000000017768 -460.892822265625 -1
8.36000000018248 -459.472785451449 -1
8.58000000018728 -454.698239643592 -1
8.80000000019209 -446.4658203125 -1
9.02000000019689 -434.69580078125 -1
9.24000000020169 -419.336181640625 -1
9.46000000020649 -400.3681640625 -1
9.68000000021129 -377.810302734375 -1
9.9000000002161 -351.724548278726 -1
10.1200000002209 -322.220352891251 -1
10.3400000002257 -289.460205078125 -1
10.5600000002305 -253.66427889606 -1
10.7800000002353 -215.113192408462 -1
11.0000000002401 -174.152007509372 -1
11.2200000002449 -131.191162109375 -1
11.4400000002497 -86.70703125 0.485549271775547
11.6600000002545 -41.1737060546875 1
11.8800000002593 5.167724609375 1
12.1000000002641 52.3006591796875 1
12.3200000002689 100.197509765625 1
12.5400000002737 148.7158203125 1
12.7600000002785 197.821470746771 1
12.9800000002833 247.486328125 1
13.2000000002881 297.600716725807 1
13.4200000002929 348.073890792555 1
13.6400000002977 398.80322265625 1
13.8600000003025 449.644287109375 1
14.0800000003073 500.44189453125 1
14.3000000003121 551.018188476563 1
14.5200000003169 601.162145601469 1
14.7400000003217 650.635375976563 1
14.9600000003265 698.667262313538 1
15.1800000003313 742.738037109375 1
15.4000000003361 780.044677734375 1
15.620000000341 809.18310546875 1
15.8400000003458 830.026733398438 1
16.0600000003506 842.407470703125 1
0 498.860717773438 1
0.220000000004802 491.608656985685 1
0.440000000009604 484.289916992188 1
0.660000000014406 477.082045625662 1
0.880000000019209 470.198974609375 1
1.10000000002401 463.787109375 1
1.32000000002881 457.906519240816 1
1.54000000003361 452.5830078125 1
1.76000000003842 447.861370107508 1
1.98000000004322 443.823276886367 1
2.20000000004802 440.574462890625 1
2.42000000005282 438.225258407765 1
2.64000000005763 436.881969246198 1
2.86000000006243 436.648193359375 1
3.08000000006723 437.629187236307 1
3.30000000007203 439.932861328125 1
3.52000000007683 443.665405273438 1
3.74000000008164 448.9267578125 1
3.96000000008644 455.806030273438 1
4.18000000009124 464.37744140625 1
4.40000000009604 474.696899414063 1
4.62000000010084 486.796537127346 1
4.84000000010565 500.68017578125 1
5.06000000011045 516.318506382522 1
5.28000000011525 533.645629882813 1
5.50000000012005 552.555176683469 1
5.72000000012486 572.898594279308 1
5.94000000012966 594.483154296875 1
6.16000000013446 617.071899414063 1
6.38000000013926 640.384298483492 1
6.60000000014406 664.09619140625 1
6.82000000014887 687.842182926717 1
7.04000000015367 711.221954469802 1
7.26000000015847 733.811401367188 1
7.48000000016327 755.177001953125 1
7.70000000016807 774.891360914451 1
7.92000000017288 792.549219285022 1
8.14000000017768 807.785034179688 1
8.36000000018248 820.289977580775 1
8.58000000018728 829.82763671875 1
8.80000000019209 836.246215820313 1
9.02000000019689 839.533833530033 1
9.24000000020169 840.186703532701 1
9.46000000020649 839.2529296875 1
9.68000000021129 837.595336914063 1
0 245.932160595432 1
0.220000000004802 234.656764145475 1
0.440000000009604 222.878295898438 1
0.660000000014406 210.344604492188 1
0.880000000019209 197.050903320313 1
1.10000000002401 182.846446093987 1
1.32000000002881 167.567896051798 1
1.54000000003361 151.116088867188 1
1.76000000003842 133.383422851563 1
1.98000000004322 114.262349434546 1
2.20000000004802 93.67041015625 1
2.42000000005282 71.5418701171875 1
2.64000000005763 47.8288929890841 -0.0803058617423993
2.86000000006243 22.57275390625 -1
0 369.089644287364 1
0.220000000004802 349.7685546875 1
0.440000000009604 331.121337890625 1
0.660000000014406 313.094875000184 1
0.880000000019209 295.466430664063 1
1.10000000002401 277.996826171875 1
1.32000000002881 260.518476929166 1
1.54000000003361 242.962036132813 1
1.76000000003842 225.32470703125 1
1.98000000004322 207.620854953653 1
2.20000000004802 189.856949859299 1
2.42000000005282 172.035278320313 1
2.64000000005763 154.164184570313 1
2.86000000006243 136.261108398438 1
3.08000000006723 118.350864082808 1
3.30000000007203 100.465454101563 1
3.52000000007683 82.6449401340215 1
3.74000000008164 64.9390869140625 1
3.96000000008644 47.4068603515625 1
4.18000000009124 30.1167334390339 -0.342705975696701
4.40000000009604 13.13427734375 -1
4.62000000010084 -3.575439453125 -1
4.84000000010565 -20.1763916015625 -1
5.06000000011045 -36.7919556850102 -1
5.28000000011525 -53.4434978737263 -1
5.50000000012005 -70.1103515625 -1
5.72000000012486 -86.782958984375 -1
5.94000000012966 -103.473130496335 -1
6.16000000013446 -120.197509765625 -1
6.38000000013926 -136.965263847495 -1
6.60000000014406 -153.777536975103 -1
6.82000000014887 -170.6318359375 -1
7.04000000015367 -187.523571867961 -1
7.26000000015847 -204.4443359375 -1
7.48000000016327 -221.381103515625 -1
7.70000000016807 -238.314855305362 -1
7.92000000017288 -255.220867580385 -1
8.14000000017768 -272.068115234375 -1
8.36000000018248 -288.81884765625 -1
8.58000000018728 -305.42822265625 -1
8.80000000019209 -321.843966912129 -1
9.02000000019689 -338.006254546694 -1
9.24000000020169 -353.84765625 -1
9.46000000020649 -369.293378460803 -1
9.68000000021129 -384.260498046875 -1
9.9000000002161 -398.659630998387 -1
10.1200000002209 -412.393708899035 -1
10.3400000002257 -425.359798635705 -1
10.5600000002305 -437.449163267505 -1
10.7800000002353 -448.548222862533 -1
11.0000000002401 -458.53955078125 -1
11.2200000002449 -467.303465501987 -1
11.4400000002497 -474.718994140625 -1
11.6600000002545 -480.666902268189 -1
11.8800000002593 -485.030997411232 -1
12.1000000002641 -487.702120417147 -1
12.3200000002689 -488.581298828125 -1
12.5400000002737 -487.584228515625 -1
12.7600000002785 -484.64599609375 -1
12.9800000002833 -479.72607421875 -1
13.2000000002881 -472.814208984375 -1
13.4200000002929 -463.93111512519 -1
13.6400000002977 -453.187245012494 -1
13.8600000003025 -440.864136876422 -1
14.0800000003073 -427.352431528619 -1
14.3000000003121 -412.944493387826 -1
14.5200000003169 -397.74951171875 -1
14.7400000003217 -381.835575441597 -1
14.9600000003265 -365.242919921875 -1
15.1800000003313 -347.999974401901 -1
15.4000000003361 -330.128173828125 -1
15.620000000341 -311.644775390625 -1
15.8400000003458 -292.5634765625 -1
16.0600000003506 -272.894775390625 -1
16.2800000003554 -252.673823109129 -1
16.5000000003602 -231.947906462825 -1
16.720000000365 -210.681640625 -1
16.9400000003698 -188.84619140625 -1
17.1600000003746 -166.298225421691 -1
17.3800000003794 -142.88671875 -1
17.6000000003842 -118.607348426478 -1
17.820000000389 -93.6227756560547 -1
18.0400000003938 -67.969970703125 -1
18.2600000003986 -41.6762201250531 1
18.4800000004034 -14.7628996071871 1
18.7000000004082 12.7551727851387 1
0 381.834632133017 0.1
0.540000000011787 467.813271545572 0.1
1.08000000002357 556.029111923533 0.1
1.62000000003536 646.270141601563 0.1
2.16000000004715 737.467947255936 0.1
2.70000000005894 816.363037109375 0.1
3.24000000007072 884.020263671875 0.1
3.78000000008251 933.174926757813 0.1
4.3200000000943 975.250488630962 0.1
4.86000000010608 996.148012916557 0.1
5.40000000011787 1007.44826491224 0.1
5.94000000012966 997.968811035156 0.1
6.48000000014144 982.488954446162 0.1
7.02000000015323 965.511596679688 0.1
7.56000000016502 947.08349609375 0.1
8.10000000017681 927.308038016665 0.1
8.64000000018859 903.877090370865 0.1
9.18000000020038 879.089504158706 0.1
9.72000000021217 852.88440663612 0.1
10.260000000224 825.277608665405 0.1
10.8000000002357 796.276880647987 0.1
11.3400000002475 765.8818359375 0.1
11.8800000002593 734.091445542872 0.1
12.4200000002711 700.906384113245 0.1
12.9600000002829 666.32958984375 0.1
13.5000000002947 630.366211858694 0.1
14.0400000003065 593.023489086307 0.1
14.5800000003183 554.310481629451 0.1
15.12000000033 514.238175751641 0.1
15.6600000003418 472.819238197873 0.1
16.2000000003536 430.068000902771 0.1
16.7400000003654 386.000366210938 0.1
17.2800000003772 340.633573113824 0.1
17.820000000389 293.986450195313 0.1
18.3600000004008 246.078905770322 0.1
18.9000000004125 196.932145489845 0.1
19.4400000004243 146.568481445313 0.1
19.9800000004361 95.0111393427942 0.1
20.5200000004479 42.2844423850765 0.1
21.0600000004597 -11.5865036452888 -0.1
21.6000000004715 -65.1640625 -0.1
22.1400000004833 -118.10009765625 -0.1
22.6800000004951 -170.28955078125 -0.1
23.2200000005068 -221.71240234375 -0.1
23.7600000005186 -272.365150732687 -0.1
24.3000000005304 -322.24019616947 -0.1
24.8400000005422 -371.326904296875 -0.1
25.380000000554 -419.614381326246 -0.1
25.9200000005658 -467.091552734375 -0.1
26.4600000005776 -513.748046875 -0.1
27.0000000005894 -559.573631246341 -0.1
27.5400000006011 -604.557861328125 -0.1
28.0800000006129 -648.691162109375 -0.1
28.6200000006247 -691.96337890625 -0.1
29.1600000006365 -734.364990234375 -0.1
29.7000000006483 -775.88671875 -0.1
30.2400000006601 -816.519287109375 -0.1
30.7800000006719 -856.253662109375 -0.1
31.3200000006836 -895.081269615679 -0.1
0 -1038.56951957953 -0.01
0.540000000011787 -1075.77587890625 -0.01
1.08000000002357 -1112.75439453125 -0.01
1.62000000003536 -1149.48778852948 -0.01
2.16000000004715 -1185.9638089973 -0.01
2.70000000005894 -1222.169921875 -0.01
0 1466.02001953125 0.01
0.240000000005239 1445.75439453125 0.01
0.480000000010477 1423.09832763672 0.01
0.720000000015716 1400.86651611328 0.01
0.960000000020955 1377.73065185547 0.01
1.20000000002619 1354.34478759766 0.01
1.44000000003143 1331.39923095703 0.01
1.68000000003667 1308.16088867188 0.01
1.92000000004191 1284.05511474609 0.01
2.16000000004715 1259.53497314453 0.01
2.40000000005239 1232.28790283203 0.01
2.64000000005763 1206.40304897656 0.01
2.88000000006286 1186.84894361731 0.01
3.1200000000681 1167.20846888924 0.01
3.36000000007334 1147.48160106852 0.01
3.60000000007858 1127.66833389003 0.01
3.84000000008382 1107.76869625656 0.01
4.08000000008906 1087.78274773282 0.01
4.3200000000943 1067.71057825943 0.01
4.56000000009954 1047.55230662203 0.01
4.80000000010477 1027.30808138463 0.01
5.04000000011001 1006.97807783238 0.01
5.28000000011525 986.562496694969 0.01
5.52000000012049 966.061564849108 0.01
5.76000000012573 945.47553877742 0.01
6.00000000013097 924.804705278017 0.01
6.24000000013621 904.049374994705 0.01
6.48000000014144 883.209887227858 0.01
6.72000000014668 862.28660705802 0.01
6.96000000015192 841.279926856514 0.01
7.20000000015716 820.190259897383 0.01
7.4400000001624 799.018047529506 0.01
7.68000000016764 777.763754300424 0.01
7.92000000017288 756.427870546468 0.01
8.16000000017812 735.010911528487 0.01
8.40000000018335 713.513416924165 0.01
8.64000000018859 691.935949631152 0.01
8.88000000019383 670.279096044833 0.01
9.12000000019907 648.543462904752 0.01
9.36000000020431 626.729681338766 0.01
9.60000000020955 604.838403355214 0.01
9.84000000021479 582.870304873679 0.01
10.08000000022 560.826083012624 0.01
10.3200000002253 538.706454643048 0.01
10.5600000002305 516.512157919817 0.01
10.8000000002357 494.24395290378 0.01
11.040000000241 471.90261757595 0.01
11.2800000002462 449.488949458115 0.01
11.5200000002515 427.003766856738 0.01
11.7600000002567 404.447907134076 0.01
12.0000000002619 381.822225121083 0.01
12.2400000002672 359.127595230355 0.01
12.4800000002724 336.364910572185 0.01
12.7200000002777 313.535080050351 0.01
12.9600000002829 290.639030379709 0.01
13.2000000002881 267.6777070713 0.01
13.4400000002934 244.652099609375 0.01
13.6800000002986 221.563110351563 0.01
13.9200000003038 198.411781379371 0.01
14.1600000003091 175.199128626264 0.01
14.4000000003143 151.926165088662 0.01
14.6400000003196 128.593930215109 0.01
14.8800000003248 105.203491210938 0.01
15.12000000033 81.7558755611535 0.01
15.3600000003353 58.2522054107394 0.01
15.6000000003405 34.693603515625 -0.01
15.8400000003458 11.1029289785074 -0.01
16.080000000351 -12.4420882496051 -0.01
16.3200000003562 -35.9600432966836 -0.01
16.5600000003615 -59.4609375 -0.01
16.8000000003667 -82.929443359375 -0.01
17.0400000003719 -106.370572826709 -0.01
17.2800000003772 -129.783825614257 -0.01
17.5200000003824 -153.16552734375 -0.01
17.7600000003877 -176.516273943707 -0.01
18.0000000003929 -199.834648576099 -0.01
18.2400000003981 -223.119140625 -0.01
18.4800000004034 -246.369101165445 -0.01
18.7200000004086 -269.583221127861 -0.01
18.9600000004139 -292.76025390625 -0.01
19.2000000004191 -315.8994140625 -0.01
19.4400000004243 -338.999478018493 -0.01
19.6800000004296 -362.05908203125 -0.01
19.9200000004348 -385.077392578125 -0.01
20.1600000004401 -408.05322265625 -0.01
20.4000000004453 -430.985486504389 -0.01
20.6400000004505 -453.872802734375 -0.01
20.8800000004558 -476.71435546875 -0.01
21.120000000461 -499.509023436229 -0.01
21.3600000004662 -522.25537109375 -0.01
21.6000000004715 -544.952623618301 -0.01
21.8400000004767 -567.599365234375 -0.01
22.080000000482 -590.194580078125 -0.01
22.3200000004872 -612.67529296875 -0.01
22.5600000004924 -634.742357091047 -0.01
22.8000000004977 -656.444790426991 -0.01
23.0400000005029 -678.289794921875 -0.01
23.2800000005082 -699.771728515625 -0.01
23.5200000005134 -720.478980271728 -0.01
23.7600000005186 -740.738525390625 -0.01
24.0000000005239 -760.486517232959 -0.01
24.2400000005291 -779.633056640625 -0.01
24.4800000005343 -798.258056640625 -0.01
24.7200000005396 -816.337158203125 -0.01
24.9600000005448 -833.8486328125 -0.01
25.2000000005501 -850.810259683058 -0.01
25.4400000005553 -867.210205078125 -0.01
25.6800000005605 -883.041015625 -0.01
25.9200000005658 -898.305597263854 -0.01
26.160000000571 -912.999502101331 -0.01
26.4000000005763 -927.118895370164 -0.01
26.6400000005815 -940.661769974511 -0.01
26.8800000005867 -953.625732421875 -0.01
27.120000000592 -966.0087890625 -0.01
27.3600000005972 -977.808349609375 -0.01
27.6000000006024 -989.018998858053 -0.01
27.8400000006077 -999.63623046875 -0.01
28.0800000006129 -1009.6572265625 -0.01
28.3200000006182 -1019.07177734375 -0.01
28.5600000006234 -1027.88671875 -0.01
28.8000000006286 -1036.09594726563 -0.01
29.0400000006339 -1043.6875 -0.01
29.2800000006391 -1050.6748046875 -0.01
29.5200000006444 -1057.0612711811 -0.01
29.7600000006496 -1062.83764648438 -0.01
30.0000000006548 -1068.00170898438 -0.01
30.2400000006601 -1072.55338826589 -0.01
30.4800000006653 -1076.75680596696 -0.01
30.7200000006706 -1081.02783203125 -0.01
30.9600000006758 -1085.15454101563 -0.01
31.200000000681 -1089.1015625 -0.01
31.4400000006863 -1092.98386227235 -0.01
31.6800000006915 -1096.73974609375 -0.01
31.9200000006967 -1100.36004915985 -0.01
32.160000000702 -1103.87757931044 -0.01
32.4000000007072 -1107.27577705472 -0.01
32.6400000007125 -1110.55297851563 -0.01
32.8800000007177 -1113.71990017686 -0.01
33.1200000007229 -1116.77147504513 -0.01
33.3600000007282 -1119.70721087814 -0.01
33.6000000007334 -1122.52978515625 -0.01
33.8400000007387 -1125.23803710938 -0.01
0 -1142.63907042856 -0.05
0.240000000005239 -1141.0565438146 -0.05
0.480000000010477 -1139.1484027562 -0.05
0.720000000015716 -1136.97924804688 -0.05
0.960000000020955 -1134.57435276988 -0.05
1.20000000002619 -1131.88403320313 -0.05
1.44000000003143 -1128.93334960938 -0.05
1.68000000003667 -1125.72644717013 -0.05
1.92000000004191 -1122.24829101563 -0.05
2.16000000004715 -1118.50854492188 -0.05
2.40000000005239 -1114.50708007813 -0.05
2.64000000005763 -1110.23974609375 -0.05
2.88000000006286 -1105.70992306178 -0.05
3.1200000000681 -1100.91723632813 -0.05
3.36000000007334 -1095.86108398438 -0.05
3.60000000007858 -1090.54290107056 -0.05
3.84000000008382 -1084.96254464518 -0.05
4.08000000008906 -1079.12036132813 -0.05
4.3200000000943 -1073.01730569766 -0.05
4.56000000009954 -1066.65370448981 -0.05
4.80000000010477 -1060.03018487769 -0.05
5.04000000011001 -1053.14761317393 -0.05
5.28000000011525 -1046.00678821409 -0.05
5.52000000012049 -1038.60856743844 -0.05
5.76000000012573 -1030.95385742188 -0.05
6.00000000013097 -1023.04370117188 -0.05
6.24000000013621 -1014.87929494958 -0.05
6.48000000014144 -1006.46166992188 -0.05
6.72000000014668 -997.7919921875 -0.05
6.96000000015192 -988.87158203125 -0.05
7.20000000015716 -979.701563399401 -0.05
7.4400000001624 -970.283203125 -0.05
7.68000000016764 -960.618317386252 -0.05
7.92000000017288 -950.707960722735 -0.05
8.16000000017812 -940.5537109375 -0.05
8.40000000018335 -930.157470703125 -0.05
8.64000000018859 -919.52069937007 -0.05
8.88000000019383 -908.644727711915 -0.05
9.12000000019907 -897.53125 -0.05
9.36000000020431 -886.182265192969 -0.05
9.60000000020955 -874.59912109375 -0.05
9.84000000021479 -862.78369140625 -0.05
10.08000000022 -850.73779296875 -0.05
10.3200000002253 -838.463546007988 -0.05
10.5600000002305 -825.962158203125 -0.05
10.8000000002357 -813.236083984375 -0.05
11.040000000241 -800.287353515625 -0.05
11.2800000002462 -787.118065519491 -0.05
11.5200000002515 -773.730182823609 -0.05
11.7600000002567 -760.12548828125 -0.05
12.0000000002619 -746.305893079145 -0.05
12.2400000002672 -732.273149131099 -0.05
12.4800000002724 -718.029296875 -0.05
12.7200000002777 -703.576171875 -0.05
12.9600000002829 -688.915771484375 -0.05
13.2000000002881 -674.050048828125 -0.05
13.4400000002934 -658.981105663232 -0.05
13.6800000002986 -643.71044921875 -0.05
13.9200000003038 -628.240129732643 -0.05
14.1600000003091 -612.572007598006 -0.05
14.4000000003143 -596.708000004874 -0.05
14.6400000003196 -580.65004700073 -0.05
14.8800000003248 -564.400146484375 -0.05
15.12000000033 -547.960205078125 -0.05
15.3600000003353 -531.332009335631 -0.05
15.6000000003405 -514.517276254483 -0.05
15.8400000003458 -497.517822265625 -0.05
16.080000000351 -480.335820286069 -0.05
16.3200000003562 -462.972900390625 -0.05
16.5600000003615 -445.431103892857 -0.05
16.8000000003667 -427.712158203125 -0.05
17.0400000003719 -409.81787109375 -0.05
17.2800000003772 -391.75 -0.05
17.5200000003824 -373.51025390625 -0.05
17.7600000003877 -355.1005859375 -0.05
18.0000000003929 -336.522948505823 -0.05
18.2400000003981 -317.77880859375 -0.05
18.4800000004034 -298.8701171875 -0.05
18.7200000004086 -279.798583984375 -0.05
18.9600000004139 -260.56591796875 -0.05
19.2000000004191 -241.173828125 -0.05
19.4400000004243 -221.624159636442 -0.05
19.6800000004296 -201.91845703125 -0.05
19.9200000004348 -182.05859375 -0.05
20.1600000004401 -162.046360896667 -0.05
20.4000000004453 -141.883180163451 -0.05
20.6400000004505 -121.57080078125 -0.05
20.8800000004558 -101.110984304571 -0.05
21.120000000461 -80.5053476116154 -0.05
21.3600000004662 -59.7555904636392 -0.05
21.6000000004715 -38.863352025277 -0.05
21.8400000004767 -17.8302001953125 -0.05
22.080000000482 3.3420780163724 0.05
22.3200000004872 24.5145263671875 0.05
22.5600000004924 45.12646484375 0.05
22.8000000004977 65.4161376953125 0.05
23.0400000005029 85.3489270516438 0.05
23.2800000005082 104.862915039063 0.05
23.5200000005134 124.031127929688 0.05
23.7600000005186 142.799438476563 0.05
24.0000000005239 161.190307617188 0.05
24.2400000005291 179.1982421875 0.05
24.4800000005343 196.81631343218 0.05
24.7200000005396 214.050415039063 0.05
24.9600000005448 230.893939863308 0.05
25.2000000005501 247.348416162888 0.05
25.4400000005553 263.412127161515 0.05
25.6800000005605 279.083740234375 0.05
25.9200000005658 294.362915039063 0.05
26.160000000571 309.248327702051 0.05
26.4000000005763 323.739624023438 0.05
26.6400000005815 337.83584242512 0.05
26.8800000005867 351.536554526072 0.05
27.120000000592 364.841234730324 0.05
27.3600000005972 377.749393704697 0.05
27.6000000006024 390.260678770952 0.05
27.8400000006077 402.374644619413 0.05
28.0800000006129 414.090698242188 0.05
28.3200000006182 425.40673828125 0.05
28.5600000006234 436.321706014336 0.05
28.8000000006286 446.835571289063 0.05
29.0400000006339 456.947631835938 0.05
29.2800000006391 466.657958984375 0.05
29.5200000006444 475.966430664063 0.05
29.7600000006496 484.872981837369 0.05
30.0000000006548 493.3779296875 0.05
30.2400000006601 501.481333785108 0.05
30.4800000006653 509.183471679688 0.05
30.7200000006706 516.484552348964 0.05
30.9600000006758 523.384924942977 0.05
31.200000000681 529.885009765625 0.05
31.4400000006863 535.985155927716 0.05
31.6800000006915 541.68603515625 0.05
31.9200000006967 546.988037109375 0.05
32.160000000702 551.891845703125 0.05
32.4000000007072 556.398088104092 0.05
32.6400000007125 560.507476299535 0.05
32.8800000007177 564.220756447641 0.05
33.1200000007229 567.538738228031 0.05
33.3600000007282 570.462280273438 0.05
0 583.707323767012 0.1
0.240000000005239 585.232421875 0.1
0.480000000010477 585.936279296875 0.1
0.720000000015716 585.994879758568 0.1
0.960000000020955 585.430676120683 0.1
1.20000000002619 584.16259765625 0.1
1.44000000003143 582.270688448683 0.1
1.68000000003667 579.711791992188 0.1
1.92000000004191 576.505981445313 0.1
2.16000000004715 572.656510512461 0.1
2.40000000005239 568.159912109375 0.1
2.64000000005763 563.026123046875 0.1
2.88000000006286 557.254314451595 0.1
3.1200000000681 550.849732892821 0.1
3.36000000007334 543.815927186632 0.1
3.60000000007858 536.156039636699 0.1
3.84000000008382 527.87451171875 0.1
4.08000000008906 518.974853515625 0.1
4.3200000000943 509.461182628758 0.1
4.56000000009954 499.337768554688 0.1
4.80000000010477 488.608668247471 0.1
5.04000000011001 477.2783203125 0.1
5.28000000011525 465.35107421875 0.1
5.52000000012049 452.831339425407 0.1
5.76000000012573 439.723876953125 0.1
6.00000000013097 426.033203125 0.1
6.24000000013621 411.76416015625 0.1
6.48000000014144 396.921508789063 0.1
6.72000000014668 381.510169270448 0.1
6.96000000015192 365.535208704881 0.1
7.20000000015716 349.001647511963 0.1
7.4400000001624 331.914672851563 0.1
7.68000000016764 314.279418945313 0.1
7.92000000017288 296.101132316049 0.1
8.16000000017812 277.385291720741 0.1
8.40000000018335 258.137255807524 0.1
8.64000000018859 238.362548828125 0.1
8.88000000019383 218.066585399327 0.1
9.12000000019907 197.255126953125 0.1
9.36000000020431 175.933715820313 0.1
9.60000000020955 154.108154296875 0.1
9.84000000021479 131.7841796875 0.1
10.08000000022 108.967651367188 0.1
10.3200000002253 85.6643496674951 0.1
10.5600000002305 61.88037109375 0.1
10.8000000002357 37.6214891574346 0.1
11.040000000241 12.8939208984375 0.1
11.2800000002462 -12.29638671875 -0.1
11.5200000002515 -37.785507945111 -0.1
11.7600000002567 -62.6513671875 -0.1
12.0000000002619 -87.1005142085487 -0.1
12.2400000002672 -111.269995144452 -0.1
12.4800000002724 -134.946191333584 -0.1
12.7200000002777 -158.273681640625 -0.1
12.9600000002829 -181.204313351773 -0.1
13.2000000002881 -203.721435546875 -0.1
0 -344.61376953125 -0.1
0.240000000005239 -366.497777474695 -0.1
0.480000000010477 -387.890625 -0.1
0.720000000015716 -408.864501953125 -0.1
0.960000000020955 -429.4990234375 -0.1
1.20000000002619 -449.688232421875 -0.1
1.44000000003143 -469.48974609375 -0.1
1.68000000003667 -488.888671875 -0.1
1.92000000004191 -507.869873046875 -0.1
2.16000000004715 -526.456298828125 -0.1
2.40000000005239 -544.637399075553 -0.1
2.64000000005763 -562.413547359291 -0.1
2.88000000006286 -579.788330078125 -0.1
3.1200000000681 -596.757080078125 -0.1
3.36000000007334 -613.322162638418 -0.1
3.60000000007858 -629.482399957255 -0.1
3.84000000008382 -645.235320985084 -0.1
4.08000000008906 -660.581273120712 -0.1
4.3200000000943 -675.519943153718 -0.1
4.56000000009954 -690.050048828125 -0.1
4.80000000010477 -704.1708984375 -0.1
5.04000000011001 -717.881591796875 -0.1
5.28000000011525 -731.181884765625 -0.1
5.52000000012049 -744.07080078125 -0.1
5.76000000012573 -756.547119140625 -0.1
6.00000000013097 -768.6103515625 -0.1
6.24000000013621 -780.260183924576 -0.1
6.48000000014144 -791.495361328125 -0.1
6.72000000014668 -802.315322449198 -0.1
6.96000000015192 -812.719133598381 -0.1
7.20000000015716 -822.706298828125 -0.1
7.4400000001624 -832.276123046875 -0.1
7.68000000016764 -841.427734375 -0.1
7.92000000017288 -850.160616169684 -0.1
8.16000000017812 -858.474011947168 -0.1
8.40000000018335 -866.3671875 -0.1
8.64000000018859 -873.839599609375 -0.1
8.88000000019383 -880.89013671875 -0.1
9.12000000019907 -887.518047477584 -0.1
9.36000000020431 -893.722842589021 -0.1
9.60000000020955 -899.50439453125 -0.1
9.84000000021479 -904.861996586435 -0.1
10.08000000022 -909.794921875 -0.1
10.3200000002253 -914.302914856584 -0.1
10.5600000002305 -918.383544921875 -0.1
10.8000000002357 -922.037109375 -0.1
11.040000000241 -925.264158272534 -0.1
11.2800000002462 -928.063606639742 -0.1
11.5200000002515 -930.435994340573 -0.1
11.7600000002567 -932.381103515625 -0.1
12.0000000002619 -933.8984375 -0.1
12.2400000002672 -934.987548828125 -0.1
12.4800000002724 -935.648362180684 -0.1
12.7200000002777 -935.880856354372 -0.1
12.9600000002829 -935.68479454983 -0.1
13.2000000002881 -935.060051343869 -0.1
13.4400000002934 -934.006591796875 -0.1
13.6800000002986 -932.5244140625 -0.1
13.9200000003038 -930.61328125 -0.1
14.1600000003091 -928.273418173543 -0.1
14.4000000003143 -925.504605957307 -0.1
14.6400000003196 -922.307087883004 -0.1
14.8800000003248 -918.680908203125 -0.1
15.12000000033 -914.626220703125 -0.1
15.3600000003353 -910.143222071347 -0.1
15.6000000003405 -905.232118460699 -0.1
15.8400000003458 -899.89306640625 -0.1
16.080000000351 -894.12646484375 -0.1
16.3200000003562 -887.932555161649 -0.1
16.5600000003615 -881.31170256529 -0.1
16.8000000003667 -874.264310644823 -0.1
17.0400000003719 -866.790739351069 -0.1
17.2800000003772 -858.891525204061 -0.1
17.5200000003824 -850.567138671875 -0.1
17.7600000003877 -841.818259199732 -0.1
18.0000000003929 -832.645165891736 -0.1
18.2400000003981 -823.048570333747 -0.1
18.4800000004034 -813.029175035888 -0.1
18.7200000004086 -802.587562060915 -0.1
18.9600000004139 -791.724365234375 -0.1
19.2000000004191 -780.440673828125 -0.1
19.4400000004243 -768.737060546875 -0.1
19.6800000004296 -756.614394122968 -0.1
19.9200000004348 -744.0732421875 -0.1
20.1600000004401 -731.114669560571 -0.1
20.4000000004453 -717.739501953125 -0.1
20.6400000004505 -703.94873046875 -0.1
20.8800000004558 -689.743626698735 -0.1
21.120000000461 -675.124913910287 -0.1
21.3600000004662 -660.093639178667 -0.1
21.6000000004715 -644.650814544642 -0.1
21.8400000004767 -628.797536696075 -0.1
22.080000000482 -612.534912109375 -0.1
22.3200000004872 -595.8642578125 -0.1
22.5600000004924 -578.786865234375 -0.1
22.8000000004977 -561.303913330194 -0.1
23.0400000005029 -543.416469007032 -0.1
23.2800000005082 -525.125732421875 -0.1
23.5200000005134 -506.4332976843 -0.1
23.7600000005186 -487.340243816958 -0.1
24.0000000005239 -467.848089575185 -0.1
24.2400000005291 -447.958246303955 -0.1
24.4800000005343 -427.672101065982 -0.1
24.7200000005396 -406.990966796875 -0.1
24.9600000005448 -385.91650390625 -0.1
25.2000000005501 -364.449951171875 -0.1
25.4400000005553 -342.593017578125 -0.1
25.6800000005605 -320.34716796875 -0.1
25.9200000005658 -297.714096465614 -0.1
26.160000000571 -274.695239208872 -0.1
26.4000000005763 -251.292216813308 -0.1
26.6400000005815 -227.506591796875 -0.1
26.8800000005867 -203.340087890625 -0.1
27.120000000592 -178.79443359375 -0.1
27.3600000005972 -153.871337890625 -0.1
27.6000000006024 -128.572473206325 -0.1
27.8400000006077 -102.8994140625 -0.1
28.0800000006129 -76.8541963314638 -0.1
28.3200000006182 -50.438232421875 -0.1
28.5600000006234 -23.6536865234375 -0.1
28.8000000006286 3.49783743207809 0.1
29.0400000006339 30.7616369456518 0.1
29.2800000006391 56.0437065848382 0.1
29.5200000006444 79.3229063504841 0.1
29.7600000006496 102.318725585938 0.1
30.0000000006548 124.564086914063 0.1
30.2400000006601 145.219032098888 0.1
30.4800000006653 163.634939769516 0.1
30.7200000006706 180.318866638932 0.1
30.9600000006758 195.071471890435 0.1
31.200000000681 207.897216796875 0.1
31.4400000006863 219.323980301968 0.1
31.6800000006915 230.216064453125 0.1
31.9200000006967 240.507706327364 0.1
32.160000000702 250.102546202252 0.1
32.4000000007072 259.123194452026 0.1
32.6400000007125 267.334716796875 0.1
32.8800000007177 273.838433646248 0.1
33.1200000007229 279.046438974794 0.1
33.3600000007282 284.16015625 0.1
33.6000000007334 288.333618164063 0.1
33.8400000007387 291.966186523438 0.1
34.0800000007439 295.008178710938 0.1
34.3200000007491 297.358764648438 0.1
34.5600000007544 299.140869140625 0.1
34.8000000007596 300.276141161914 0.1
35.0400000007648 300.796756394091 0.1
35.2800000007701 300.705008812249 0.1
35.5200000007753 299.98974609375 0.1
35.7600000007806 298.664916992188 0.1
36.0000000007858 296.725479764747 0.1
36.240000000791 294.175659179688 0.1
36.4800000007963 291.01806640625 0.1
36.7200000008015 287.25341796875 0.1
36.9600000008068 282.88525390625 0.1
37.200000000812 277.91552734375 0.1
37.4400000008172 272.346801757813 0.1
37.6800000008225 266.18212890625 0.1
37.9200000008277 259.423993494012 0.1
38.160000000833 252.075575408642 0.1
38.4000000008382 244.139892578125 0.1
38.6400000008434 235.620010840823 0.1
38.8800000008487 226.519287109375 0.1
39.1200000008539 216.840707761585 0.1
39.3600000008591 206.587768554688 0.1
39.6000000008644 195.805786132813 0.1
39.8400000008696 184.557373046875 0.1
40.0800000008749 172.731837917585 0.1
40.3200000008801 160.499877929688 0.1
40.5600000008853 147.808253289666 0.1
40.8000000008906 134.648193359375 0.1
41.0400000008958 121.056929096929 0.1
41.2800000009011 107.0091745432 0.1
41.5200000009063 92.4755859375 0.1
41.7600000009115 76.8675555966329 0.1
42.0000000009168 60.2110595703125 0.1
42.240000000922 43.4649660091382 0.1
42.4800000009272 26.1531982421875 0.1
42.7200000009325 8.4073486328125 -0.1
42.9600000009377 -9.51171456871089 -0.1
43.200000000943 -26.4340676772408 -0.1
43.4400000009482 -42.6910400390625 -0.1
43.6800000009534 -58.1686517662602 -0.1
43.9200000009587 -71.638427734375 -0.1
44.1600000009639 -84.647705078125 -0.1
44.4000000009692 -97.564697265625 -0.1
44.6400000009744 -109.078553743893 -0.1
44.8800000009796 -119.185546875 -0.1
45.1200000009849 -128.41357421875 -0.1
45.3600000009901 -136.577366352663 -0.1
45.6000000009954 -144.308349609375 -0.1
45.8400000010006 -151.14794921875 -0.1
46.0800000010058 -157.232629283564 -0.1
46.3200000010111 -162.326053675497 -0.1
46.5600000010163 -166.785888671875 -0.1
46.8000000010215 -169.48779296875 -0.1
47.0400000010268 -171.521728515625 -0.1
47.280000001032 -173.56005859375 -0.1
47.5200000010373 -174.8828125 -0.1
47.7600000010425 -175.882811797201 -0.1
48.0000000010477 -176.486083984375 -0.1
48.240000001053 -176.596561220591 -0.1
48.4800000010582 -176.335870107752 -0.1
48.7200000010635 -175.626637757407 -0.1
48.9600000010687 -174.491455078125 -0.1
49.2000000010739 -172.941650390625 -0.1
49.4400000010792 -170.956459224108 -0.1
49.6800000010844 -168.55078125 -0.1
49.9200000010896 -165.718961132341 -0.1
50.1600000010949 -162.460364952916 -0.1
50.4000000011001 -158.778076171875 -0.1
50.6400000011054 -154.669677734375 -0.1
50.8800000011106 -150.136474609375 -0.1
51.1200000011158 -145.1787109375 -0.1
51.3600000011211 -139.796119723818 -0.1
51.6000000011263 -133.989450868219 -0.1
51.8400000011316 -127.7587890625 -0.1
52.0800000011368 -121.104736328125 -0.1
52.320000001142 -114.027721426915 -0.1
52.5600000011473 -106.52783203125 -0.1
52.8000000011525 -98.60595703125 -0.1
53.0400000011578 -90.262451171875 -0.1
53.280000001163 -81.53759765625 -0.1
53.5200000011682 -72.4870581255527 -0.1
53.7600000011735 -63.0035974186612 -0.1
54.0000000011787 -53.2516517447075 -0.1
54.2400000011839 -43.1689453125 -0.1
54.4800000011892 -32.7526473528706 -0.1
54.7200000011944 -22.0333062146092 -0.1
54.9600000011997 -10.9837646484375 -0.1
55.2000000012049 0.378662109375 0.1
55.4400000012101 11.861328125 0.1
55.6800000012154 21.5811990491347 0.1
55.9200000012206 29.04638671875 0.1
56.1600000012259 35.1080322265625 0.1
56.4000000012311 40.06640625 0.1
56.6400000012363 44.828161821817 0.1
56.8800000012416 48.8477133769775 0.1
57.1200000012468 52.292724609375 0.1
57.360000001252 55.2289112970466 0.1
57.6000000012573 57.527587890625 0.1
57.8400000012625 59.2857666015625 0.1
58.0800000012678 60.4635565722128 0.1
58.320000001273 61.0609130859375 0.1
58.5600000012782 61.1374884746037 0.1
58.8000000012835 60.7816162109375 0.1
59.0400000012887 59.9466782219242 0.1
59.280000001294 58.6023520446615 0.1
59.5200000012992 56.655029296875 0.1
59.7600000013044 54.1485595703125 0.1
60.0000000013097 51.0816650390625 0.1
60.2400000013149 47.441650390625 0.1
60.4800000013202 43.2867535721743 0.1
60.7200000013254 38.6711953495396 0.1
60.9600000013306 33.4419006328098 0.1
61.2000000013359 27.6681412751786 0.1
61.4400000013411 21.3512533567846 0.1
61.6800000013463 14.4676513671875 0.1
61.9200000013516 7.04496468638536 0.1
62.1600000013568 -0.926987007260323 -0.1
62.4000000013621 -9.26353001908865 -0.1
62.6400000013673 -16.9228064613417 -0.1
62.8800000013725 -24.170654296875 -0.1
63.1200000013778 -31.1121826171875 -0.1
63.360000001383 -37.533935546875 -0.1
63.6000000013883 -43.6019287109375 -0.1
63.8400000013935 -49.2389363152906 -0.1
64.0800000013987 -54.4518687373493 -0.1
64.320000001404 -59.2646484375 -0.1
64.5600000014092 -63.6500887584407 -0.1
64.8000000014144 -67.624755859375 -0.1
65.0400000014197 -71.183349609375 -0.1
65.2800000014249 -74.32373046875 -0.1
65.5200000014302 -77.049560546875 -0.1
65.7600000014354 -79.35693359375 -0.1
66.0000000014406 -81.247943107388 -0.1
66.2400000014459 -82.7220621221932 -0.1
66.4800000014511 -83.7787120592548 -0.1
66.7200000014564 -84.4186881802743 -0.1
66.9600000014616 -84.641351667 -0.1
67.2000000014668 -84.4467503082706 -0.1
67.4400000014721 -83.8349609375 -0.1
67.6800000014773 -82.805908203125 -0.1
67.9200000014825 -81.359619140625 -0.1
68.1600000014878 -79.4962721881457 -0.1
68.400000001493 -77.2157056429423 -0.1
68.6400000014983 -74.51806640625 -0.1
68.8800000015035 -71.403564453125 -0.1
69.1200000015087 -67.8720703125 -0.1
69.360000001514 -63.924072265625 -0.1
69.6000000015192 -59.5597633336438 -0.1
69.8400000015245 -54.779052734375 -0.1
70.0800000015297 -49.5824601689819 -0.1
70.3200000015349 -43.9701946120476 -0.1
70.5600000015402 -37.9425048828125 -0.1
70.8000000015454 -31.4998404324288 -0.1
71.0400000015507 -24.642418337753 -0.1
71.2800000015559 -17.3707275390625 -0.1
71.5200000015611 -9.6851806640625 -0.1
71.7600000015664 -1.58630064118188 0.1
72.0000000015716 6.7362060546875 0.1
72.2400000015768 14.1776460825931 0.1
72.4800000015821 21.0263856762322 0.1
72.7200000015873 27.4121542160865 0.1
72.9600000015926 33.0994873046875 0.1
73.2000000015978 38.2645263671875 0.1
73.440000001603 42.8335019373335 0.1
73.6800000016083 46.806396484375 0.1
73.9200000016135 50.21337890625 0.1
74.1600000016188 53.026123046875 0.1
74.400000001624 55.2607421875 0.1
74.6400000016292 56.9144607733469 0.1
74.8800000016345 57.9852644967614 0.1
75.1200000016397 58.4783974417951 0.1
0 4.61131591102404 0.1
0.240000000005239 4.06694346917112 0.1
0.480000000010477 1.3669849511613 -0.1
0.720000000015716 1.69260306590135 0.1
0.960000000020955 4.54890105380528 0.1
1.20000000002619 -0.680874794159308 -0.1
1.44000000003143 -0.267493514357199 0.0352855205628303
1.68000000003667 3.9517763886841 0.1
1.92000000004191 -0.559166390152086 -0.1
2.16000000004715 -0.977378084550423 -0.1
2.40000000005239 4.65235488581035 0.1
2.64000000005763 2.99903218760392 0.1
2.88000000006286 -1.28434208323139 -0.1
3.1200000000681 0.677287425483229 0.1
3.36000000007334 3.057783382727 0.1
3.60000000007858 -2.52917525627018 -0.1
3.84000000008382 -1.63531494710864 -0.1
4.08000000008906 3.52342247135229 0.1
4.3200000000943 1.66130528899566 0.0747061486678894
4.56000000009954 -2.10138875710223 -0.1
4.80000000010477 0.321777028436117 0.1
5.04000000011001 2.31997003219632 0.1
5.28000000011525 -3.14504406979825 -0.1
5.52000000012049 -2.13732053895893 -0.1
5.76000000012573 2.90858535335838 0.1
6.00000000013097 1.11675913854907 -0.1
6.24000000013621 -1.30871194424503 -0.1
6.48000000014144 4.55244662041036 0.1
6.72000000014668 3.79587834316368 0.1
6.96000000015192 -1.28922238281405 -0.1
7.20000000015716 0.777999936191236 0.1
7.4400000001624 3.50991009136251 0.1
7.68000000016764 -2.32588412012572 -0.1
7.92000000017288 -1.46590117847418 -0.1
8.16000000017812 3.85435521941099 0.1
8.40000000018335 1.95708833954882 0.1
8.64000000018859 -1.89284564508819 -0.1
8.88000000019383 -0.0894460099357559 0.1
9.12000000019907 2.30209119835988 0.1
9.36000000020431 -3.08190286991885 -0.1
9.60000000020955 -2.34634794202819 -0.1
9.84000000021479 2.87365220856586 0.1
10.08000000022 1.13222217309519 -0.1
10.3200000002253 -1.4179311002203 -0.1
10.5600000002305 4.49751894315685 0.1
10.8000000002357 3.81915274204954 0.1
11.040000000241 -1.32590460396838 -0.1
11.2800000002462 0.7378097474664 0.1
11.5200000002515 3.53645678528548 0.1
11.7600000002567 -2.29585906099393 -0.1
12.0000000002619 -1.48210286522652 -0.1
12.2400000002672 3.88429740156241 0.1
12.4800000002724 2.01467296642852 0.1
12.7200000002777 -1.86300604876348 -0.1
12.9600000002829 -0.0495734658019842 0.1
13.2000000002881 2.37408185901569 0.1
13.4400000002934 -2.99998088406304 -0.1
13.6800000002986 -2.29191662669922 -0.1
13.9200000003038 2.95357541126239 0.1
14.1600000003091 1.23642825662924 -0.0824267136870357
14.4000000003143 -1.36327896785647 -0.1
14.6400000003196 4.09300496363926 0.1
14.8800000003248 3.68935385070478 0.1
15.12000000033 -1.39991507128727 -0.1
15.3600000003353 0.50120735183549 0.1
15.6000000003405 3.41221562071397 0.1
15.8400000003458 -2.39659817865416 -0.1
16.080000000351 -1.65753638852172 -0.1
0 3.28773323601348 0.0328773323601348
0.240000000005239 3.36955572593607 0.0394436593372556
0.480000000010477 2.30186658685122 0.00758084891355667
0.720000000015716 2.46379155756145 0.0377736091099689
0.960000000020955 2.71025281306802 0.0452516976406727
1.20000000002619 1.51515228472599 0.00508633793610591
1.44000000003143 1.63267699653144 0.0355671566191836
1.68000000003667 2.14529002044799 0.0514986413850774
1.92000000004191 0.766110540928906 -0.000786164581693859
2.16000000004715 0.691413395886372 0.0264732753439641
2.40000000005239 1.48406930155301 0.0542505727852462
2.64000000005763 0.214776702315362 -0.00114188168224771
2.88000000006286 -0.139582714484703 0.0142081328593998
3.1200000000681 0.924365944148178 0.0555049434829388
3.36000000007334 -0.162811684036654 -0.000377337794148631
3.60000000007858 -0.825044233772729 0.000863306095430951
3.84000000008382 0.547941302725974 0.0576510678193359
4.08000000008906 -0.316277145780958 0.0020209344060544
4.3200000000943 -1.36800426471191 -0.0140443725346938
4.56000000009954 0.348524819972425 0.061211152336852
4.80000000010477 -0.300878138357433 0.00506581809246345
5.04000000011001 -1.7997731491804 -0.0297806108880498
5.28000000011525 0.290017690291194 0.0662296072811943
5.52000000012049 -0.0948268195467961 0.0107124668898649
5.76000000012573 -2.24818516747371 -0.0503629770831465
6.00000000013097 0.0810614557716463 0.0664143664602855
6.24000000013621 0.322051466621389 0.0257053822381114
6.48000000014144 -2.59552779877191 -0.0723885703613762
6.72000000014668 -0.243473702880209 0.060623830511786
6.96000000015192 0.934601521033073 0.0490682114104998
7.20000000015716 -2.72165301301206 -0.0914755208342392
7.4400000001624 -0.863902994576307 0.0409403905974484
7.68000000016764 1.62611955616185 0.0809643039949462
7.92000000017288 -2.31034487510263 -0.0950578996233483
8.16000000017812 -1.71174070073542 0.00335464922799441
8.40000000018335 2.25566017786039 0.1
8.64000000018859 -1.18173739417898 -0.0848479082307593
8.88000000019383 -2.22240265141184 -0.0479895207607946
9.12000000019907 2.77194212175129 0.1
9.36000000020431 0.454021625100751 -0.043204968144692
9.60000000020955 -2.11489273253554 -0.0766610217705751
9.84000000021479 2.5195672572321 0.1
10.08000000022 1.81308164184705 0.00558806406853387
10.3200000002253 -2.14511556252256 -0.1
10.5600000002305 1.75461035390316 0.1
10.8000000002357 2.88663219574846 0.0571236755009266
11.040000000241 -2.53443208445694 -0.1
11.2800000002462 0.0484957171092901 0.0543541478964138
11.5200000002515 2.93342967385587 0.0930153979720368
11.7600000002567 -1.98297251018386 -0.1
12.0000000002619 -1.30439948898263 -0.000472336335255832
12.2400000002672 3.10780170986834 0.1
12.4800000002724 -0.622081713308944 -0.0846732198369071
12.7200000002777 -1.68005205115861 -0.0416041297337278
12.9600000002829 3.41776775869698 0.1
13.2000000002881 0.9169201005937 -0.041831487749341
13.4400000002934 -1.58458398068947 -0.0687617048219557
13.6800000002986 3.02824050513146 0.1
13.9200000003038 2.14849884685941 0.00573523587128064
14.1600000003091 -1.67278508276988 -0.095767076176318
14.4000000003143 2.20680258733287 0.1
14.6400000003196 3.21852927882989 0.0571251673287069
14.8800000003248 -2.08303720697674 -0.1
15.12000000033 0.47781010797101 0.0587024589362014
15.3600000003353 3.32654473967082 0.0971793113730954
15.6000000003405 -1.63518505694177 -0.1
15.8400000003458 -1.04062438733951 0.000731687478213641
16.080000000351 3.43808852842338 0.1
16.3200000003562 -0.263841532561997 -0.0800785681002132
16.5600000003615 -1.37968347008558 -0.0390157717353099
16.8000000003667 3.62833966196044 0.1
17.0400000003719 1.17659170859946 -0.0379002552242274
17.2800000003772 -1.33520727088717 -0.0658715567884502
17.5200000003824 3.17038268058855 0.1
17.7600000003877 2.29790676825863 0.00755997429808029
18.0000000003929 -1.57131034180068 -0.095449877497381
18.2400000003981 2.16722083609292 0.1
18.4800000004034 3.32014688516136 0.0616466632369499
18.7200000004086 -2.02236040571015 -0.1
18.9600000004139 0.38626956745739 0.0545060102620945
19.2000000004191 3.39527495606723 0.1
19.4400000004243 -1.47595783130885 -0.1
19.6800000004296 -1.07966839988191 -0.00383625625749138
19.9200000004348 3.49007451985796 0.1
20.1600000004401 -0.162440667704175 -0.0779134018841744
20.4000000004453 -1.36067633869484 -0.0403977469397612
20.6400000004505 3.64376669833158 0.1
20.8800000004558 1.27745602467172 -0.0349906315571475
21.120000000461 -1.30727145169155 -0.0669569821190661
21.3600000004662 3.14826678387013 0.1
21.6000000004715 2.41530222685319 0.0117812900032993
21.8400000004767 -1.55358868812314 -0.0971870580282681
22.080000000482 2.09946130318798 0.1
22.3200000004872 3.42235936906582 0.0687909801229465
22.5600000004924 -2.00448115831668 -0.1
22.8000000004977 0.182441582060818 0.0476042361426226
23.0400000005029 3.41026008455754 0.1
23.2800000005082 -1.3078985351348 -0.1
23.5200000005134 -1.08866099631703 -0.00762555443350886
23.7600000005186 3.63924786390422 0.1
24.0000000005239 0.150262071409458 -0.071004268808931
24.2400000005291 -1.26136574252817 -0.0433558946203786
24.4800000005343 3.66268868285329 0.1
24.7200000005396 1.50375356911957 -0.0281357748942922
24.9600000005448 -1.23698520960457 -0.0691484546201272
25.2000000005501 3.08408260266236 0.1
25.4400000005553 2.58806808104711 0.0186527266410366
25.6800000005605 -1.55040522685132 -0.1
25.9200000005658 1.96104377801396 0.095118877913571
26.160000000571 3.56024860414212 0.0755448041104291
26.4000000005763 -1.85602562955145 -0.1
26.6400000005815 0.0536527944865384 0.0403858784648404
26.8800000005867 3.50066516824452 0.1
27.120000000592 -1.03226036683773 -0.1
27.3600000005972 -1.00908975201207 -0.010819084080371
27.6000000006024 3.81996206858523 0.1
27.8400000006077 0.436232478489899 -0.0656085626996823
0 11.9087989488844 0.1
0.240000000005239 11.8060201985347 0.1
0.480000000010477 9.45790469864124 0.0570094597116511
0.720000000015716 8.22051832560993 0.0776404081147408
0.960000000020955 8.35666206548964 0.1
1.20000000002619 6.59530635468502 0.0507695719626878
1.44000000003143 5.02259449357067 0.0449996469457553
1.68000000003667 5.46060071974227 0.0978223902221818
1.92000000004191 4.56502382717034 0.0665616682493022
2.16000000004715 2.32400504664162 0.0189102471682247
2.40000000005239 2.69090351084972 0.0801399252875605
2.64000000005763 2.77736806042006 0.0784950392343481
2.88000000006286 0.316738317843431 0.00120436337143202
3.1200000000681 0.377451820301502 0.0547924248507941
3.36000000007334 1.27412653208009 0.08270398233424
3.60000000007858 -0.967772413593195 -0.00626328521431671
3.84000000008382 -1.43636659715582 0.0242709822432646
4.08000000008906 -0.0190794541548769 0.077710152630838
4.3200000000943 -1.56166490536572 -0.00125371214581642
4.56000000009954 -2.58631183898555 -0.00381336990595475
4.80000000010477 -0.774923122924548 0.0724546855408533
5.04000000011001 -1.76396228736982 0.00210529164223664
5.28000000011525 -3.24955467035883 -0.0269949565116046
5.52000000012049 -1.02862738463296 0.0711991232472757
5.76000000012573 -1.47413734761832 0.00942428278663631
6.00000000013097 -3.65538009158672 -0.0529357003660712
6.24000000013621 -1.1994683014876 0.0667914416974014
6.48000000014144 -0.836685031396655 0.0258084081947277
6.72000000014668 -3.73954833091321 -0.0757419863296361
6.96000000015192 -1.37897278060885 0.0558639778721829
7.20000000015716 0.0473244833068804 0.0507196089253047
7.4400000001624 -3.46236317544145 -0.0913651226927224
7.68000000016764 -1.78062787047915 0.0314701219872232
7.92000000017288 0.981057854726942 0.0827632157529033
8.16000000017812 -2.6050174348492 -0.0884685792031554
8.40000000018335 -2.32644140674316 -0.00796097949362618
8.64000000018859 1.72606530481855 0.1
8.88000000019383 -1.23254588075031 -0.0754422468957748
9.12000000019907 -2.56481243833261 -0.0579605076486838
9.36000000020431 2.32282630210327 0.1
9.60000000020955 0.682710738595716 -0.0265227139667049
9.84000000021479 -2.28623688809441 -0.0866396758150786
10.08000000022 1.99033442760992 0.1
10.3200000002253 2.17999975122606 0.0283673581223723
10.5600000002305 -2.36232884417154 -0.1
10.8000000002357 0.903222379402905 0.0781484078056522
11.040000000241 3.03642569615982 0.0795335704171758
11.2800000002462 -2.10835718312728 -0.1
11.5200000002515 -0.654888367355966 0.0229458506135042
11.7600000002567 3.24262577429428 0.1
12.0000000002619 -0.795630133068272 -0.0930413888919357
12.2400000002672 -1.3318674833543 -0.0270432834373543
12.4800000002724 3.70154110154425 0.1
12.7200000002777 0.948937151594123 -0.0467178195248302
12.9600000002829 -1.25507841470878 -0.0588351446264748
13.2000000002881 3.37304210489802 0.1
13.4400000002934 2.3481362804124 0.00494692166436288
13.6800000002986 -1.23670970716177 -0.0857176765898528
13.9200000003038 2.55092544812811 0.1
14.1600000003091 3.45063995823423 0.0573912198257822
14.4000000003143 -1.55972803656599 -0.1
14.6400000003196 0.861814013411646 0.0601011096569991
14.8800000003248 3.88083463361127 0.1
15.12000000033 -0.923639834118717 -0.1
15.3600000003353 -0.627518233885411 -0.000859004214807156
15.6000000003405 4.08759885433048 0.1
15.8400000003458 0.621461786887778 -0.0652508168903207
16.080000000351 -0.852249166324214 -0.0395017480431516
16.3200000003562 3.9377128279354 0.1
16.5600000003615 2.03385317704848 -0.0168845871429486
16.8000000003667 -0.913805925565214 -0.0692035671902878
17.0400000003719 3.15959899177022 0.1
17.2800000003772 3.17551141136792 0.0358972365490154
17.5200000003824 -1.26854643324742 -0.1
17.7600000003877 1.71939159425193 0.0815058947605444
18.0000000003929 4.0568854730974 0.0961981763534953
18.2400000003981 -1.08858718422167 -0.1
18.4800000004034 -0.266480305501744 0.014142647217998
18.7200000004086 4.11302411871515 0.1
18.9600000004139 0.34403809152505 -0.0746673156063235
19.2000000004191 -0.718986404330366 -0.0297861456818509
19.4400000004243 4.11946544268559 0.1
19.6800000004296 1.84199168523895 -0.0268170630710449
19.9200000004348 -0.773980096898896 -0.0609575991896351
20.1600000004401 3.45215549080839 0.1
20.4000000004453 3.02900685224108 0.0251092801085529
20.6400000004505 -1.09024715651009 -0.0943937517772824
20.8800000004558 2.17298179964959 0.0946478443762364
21.120000000461 4.04878403003772 0.089359684063326
21.3600000004662 -1.26185546722684 -0.1
21.6000000004715 -0.0271152709733826 0.0254200630531496
21.8400000004767 4.09706755927027 0.1
22.080000000482 0.0988913304416599 -0.0821877551978287
22.3200000004872 -0.660815079625223 -0.0231096761713352
22.5600000004924 4.21513997599234 0.1
22.8000000004977 1.6627500650178 -0.0345519890825659
23.0400000005029 -0.719591082801117 -0.0556962272944706
23.2800000005082 3.63330065540131 0.1
23.5200000005134 2.92491912401533 0.0180011456188292
23.7600000005186 -0.980088538357222 -0.088821414978384
24.0000000005239 2.41836234680369 0.1
24.2400000005291 3.9800166358566 0.0821259671022465
24.4800000005343 -1.31257278915996 -0.1
24.7200000005396 0.225697964684258 0.0345751245755246
24.9600000005448 4.1265880042038 0.1
25.2000000005501 -0.0779910880184502 -0.0884688979385268
25.4400000005553 -0.602392741182513 -0.0177654224475636
25.6800000005605 4.34042973038873 0.1
25.9200000005658 1.59774286470156 -0.0392445896158696
26.160000000571 -0.644997410392222 -0.0520304352888266
26.4000000005763 3.79545613831411 0.1
26.6400000005815 2.9100608255082 0.0141469455627142
26.8800000005867 -0.860144839313477 -0.0846875005583845
27.120000000592 2.61898312063556 0.1
27.3600000005972 3.96929889558066 0.0739160625709712
0 17.7888408894426 0.1
0.120000000002619 19.1298139124053 0.1
0.240000000005239 20.052674029847 0.1
0.360000000007858 18.8712826592726 0.1
0.480000000010477 15.8389609783268 0.0415462496671533
0.600000000013097 12.6733038890564 0.0119380190946498
0.720000000015716 11.3494917026289 0.0822531298688729
0.840000000018335 12.5080275591248 0.1
0.960000000020955 13.7617513176874 0.1
1.08000000002357 12.679360820299 0.0893016206384688
1.20000000002619 9.56376395208858 -0.0208330217879896
1.32000000002881 6.3496294396478 -0.0532703244247022
1.44000000003143 5.33079015280464 0.0312103911965229
1.56000000003405 7.74515946523272 0.1
1.68000000003667 10.7278020002146 0.1
1.80000000003929 10.4371735781478 0.0985245223426532
1.92000000004191 6.70702705988748 -0.078065980608869
2.04000000004453 2.24230250529024 -0.1
2.16000000004715 0.283907496608634 -0.0785903725625639
2.28000000004977 2.98894461434745 0.1
2.40000000005239 8.07741838315647 0.1
2.52000000005501 10.8825050940769 0.1
2.64000000005763 8.48024948364144 -0.0102033392392484
2.76000000006024 2.90681285566845 -0.1
2.88000000006286 -1.06478587042793 -0.1
3.00000000006548 0.400875837499683 0.0653185217064859
3.1200000000681 6.18534013415643 0.1
3.24000000007072 10.7809918950169 0.1
3.36000000007334 9.61480309182224 0.053325712641391
3.48000000007596 3.90802350035466 -0.1
3.60000000007858 -1.3327056671061 -0.1
3.7200000000812 -1.977375272204 -0.0478214114305479
3.84000000008382 2.77373482871232 0.1
3.96000000008644 8.30259139687311 0.1
4.08000000008906 9.63289486503683 0.1
4.20000000009168 5.57600001646611 -0.1
4.3200000000943 -0.421737419676305 -0.1
4.44000000009692 -3.70200189215382 -0.1
4.56000000009954 -1.22650459443429 0.0901447720350427
4.68000000010215 4.93065109535715 0.1
4.80000000010477 9.1831019150566 0.1
4.92000000010739 7.56618746904056 0.0128301519227313
5.04000000011001 1.66736644530471 -0.1
5.16000000011263 -3.28146808784007 -0.1
5.28000000011525 -2.92439234455597 -0.0161204028824855
5.40000000011787 2.602268401336 0.1
5.52000000012049 7.9156559597331 0.1
5.64000000012311 8.13188764590336 0.095207662636913
5.76000000012573 3.23007604604322 -0.1
5.88000000012835 -2.70988552667373 -0.1
6.00000000013097 -5.33515336092361 -0.1
6.12000000013359 -2.29280540226051 0.1
6.24000000013621 3.88348027765394 0.1
6.36000000013883 7.80822910383461 0.1
6.48000000014144 5.968652367212 -0.01338131559841
6.60000000014406 0.108972866587777 -0.1
6.72000000014668 -4.65900988177 -0.1
6.8400000001493 -3.85297295593108 -0.00725664142369781
6.96000000015192 1.91703030914667 0.1
7.08000000015454 7.13778251708069 0.1
7.20000000015716 7.03760948609371 0.0704247842616525
7.32000000015978 1.91996356091892 -0.1
7.4400000001624 -3.7451285273379 -0.1
7.56000000016502 -5.59613170121796 -0.1
7.68000000016764 -1.86381064477055 0.1
7.80000000017026 4.3208625797356 0.1
7.92000000017288 7.81570609574905 0.1
8.0400000001755 5.65092610413379 -0.0302993496114416
8.16000000017812 -0.194183144574964 -0.1
8.28000000018073 -4.74810970471282 -0.1
8.40000000018335 -3.70148194646546 0.00437378129343878
8.52000000018597 2.12107638180279 0.1
8.64000000018859 7.23865740227953 0.1
8.76000000019121 6.91996347836539 0.0600726993746311
8.88000000019383 1.68953979349487 -0.1
9.00000000019645 -3.84853445680082 -0.1
9.12000000019907 -5.36839885512882 -0.1
9.24000000020169 -1.37757623685897 0.1
9.36000000020431 4.78757283023538 0.1
9.48000000020693 8.12248111601087 0.1
9.60000000020955 5.86881725176767 -0.0316931981392699
9.72000000021217 0.0610344297314214 -0.1
9.84000000021479 -4.41725722476258 -0.1
9.96000000021741 -3.35580366874308 0.00865571261112657
10.08000000022 2.4208804957612 0.1
10.2000000002226 7.51649790303927 0.1
10.3200000002253 7.19389971519098 0.0628137458210668
10.4400000002279 2.00389971295405 -0.1
10.5600000002305 -3.53386498654015 -0.1
10.6800000002331 -5.14114686890591 -0.1
10.8000000002357 -1.26346543199497 0.1
10.9200000002384 4.88168132348329 0.1
11.040000000241 8.30631866371928 0.1
11.1600000002436 6.17555280576482 -0.0233210510049765
11.2800000002462 0.425783971063396 -0.1
11.4000000002488 -4.10130407836601 -0.1
11.5200000002515 -3.15558798156258 0.00595560476134513
11.6400000002541 2.54624674650745 0.1
11.7600000002567 7.69135116551411 0.1
11.8800000002593 7.53869228223621 0.0735493513886959
12.0000000002619 2.49684610274258 -0.1
12.1200000002646 -3.12762002192213 -0.1
12.2400000002672 -5.11365398369239 -0.1
12.3600000002698 -1.60999256839722 0.1
12.4800000002724 4.50709088415283 0.1
12.600000000275 8.19131254093168 0.1
12.7200000002777 6.33455118054459 -0.0102188141672507
12.8400000002803 0.665819640012984 -0.1
12.9600000002829 -3.99106744903287 -0.1
13.0800000002855 -3.37317895102828 -0.0100103427979814
13.2000000002881 2.12322993796909 0.1
13.3200000002907 7.3648858161491 0.1
13.4400000002934 7.65928302972466 0.0934549506805625
13.560000000296 2.99418770901505 -0.1
13.6800000002986 -2.80102681018755 -0.1
13.8000000003012 -5.52757294942697 -0.1
13.9200000003038 -2.77213573997381 0.0854252448809504
14.0400000003065 3.25487586245146 0.1
14.1600000003091 7.40786218132985 0.1
14.2800000003117 6.04847676302686 0.00747279459344224
14.4000000003143 0.531559729001003 -0.1
14.5200000003169 -4.35295323087686 -0.1
14.6400000003196 -4.31248196436252 -0.0440260060509049
14.7600000003222 0.788912971138132 0.1
14.8800000003248 6.25884157203896 0.1
15.0000000003274 7.52258139134292 0.1
15.12000000033 3.64189823166873 -0.1
15.2400000003327 -2.16559582451717 -0.1
15.3600000003353 -5.56024300240063 -0.1
15.4800000003379 -3.51440903617871 0.0479903461405124
15.6000000003405 2.3703413279114 0.1
15.7200000003431 6.92479942991565 0.1
15.8400000003458 6.0354348198704 0.0269187503396288
15.9600000003484 0.704974581695836 -0.1
16.080000000351 -4.38920524475381 -0.1
16.2000000003536 -4.98767328211039 -0.0778055050130821
16.3200000003562 -0.390987975512871 0.1
16.4400000003589 5.39463357051221 0.1
16.5600000003615 7.79479426603368 0.1
16.6800000003641 4.8995202436468 -0.0687015030140995
16.8000000003667 -0.801113980009632 -0.1
0 19.5812782661244 0.1
0.0600000000013097 20.2558136050857 0.1
0.120000000002619 21.1704782833585 0.1
0.180000000003929 22.1316011522184 0.1
0.240000000005239 22.8454749738001 0.1
0.300000000006548 22.9682863686041 0.1
0.360000000007858 22.4005319801393 0.1
0.420000000009168 21.2273058214049 0.1
0.480000000010477 19.6565163277611 0.0715629937086047
0.540000000011787 17.9205457804549 0.0458143641649077
0.600000000013097 16.2897027929282 0.0431534751090501
0.660000000014406 15.0664180719703 0.0694037422011578
0.720000000015716 14.4603262690833 0.1
0.780000000017026 14.4608651243927 0.1
0.840000000018335 14.822775357627 0.1
0.900000000019645 15.2337731456429 0.1
0.960000000020955 15.4419404982702 0.1
1.02000000002226 15.2810001316729 0.1
1.08000000002357 14.6951648558877 0.1
1.14000000002488 13.7340236099717 0.0632332971137069
1.20000000002619 12.488232141197 0.0308010001640281
1.2600000000275 11.1383259420643 0.0119672084257423
1.32000000002881 9.965322563998 0.0179686731695648
1.38000000003012 9.24669277674593 0.051420849030484
1.44000000003143 9.11509039270979 0.1
1.50000000003274 9.5004937690459 0.1
1.56000000003405 10.1150877335406 0.1
1.62000000003536 10.5809921956663 0.1
1.68000000003667 10.6610022081786 0.1
1.74000000003798 10.2443096872882 0.070792013039027
1.80000000003929 9.32133974116906 0.0221689300654422
1.8600000000406 8.02883864626475 -0.0191416916877634
1.92000000004191 6.62644096606738 -0.040335784974095
1.98000000004322 5.49838435545166 -0.0271050799756087
2.04000000004453 5.00575511340168 0.0224226348505997
2.10000000004584 5.28619265876949 0.0912351003853541
2.16000000004715 6.23075494690008 0.1
2.22000000004846 7.46054449101263 0.1
2.28000000004977 8.41728856506919 0.1
2.34000000005108 8.75342386510115 0.1
2.40000000005239 8.33053705131974 0.050563963814299
2.4600000000537 7.17076676141932 -0.0202894653981425
2.52000000005501 5.4853209798969 -0.0793046178869052
2.58000000005632 3.68984327227292 -0.1
2.64000000005763 2.29007407475555 -0.0930596701539043
2.70000000005894 1.80061373516847 -0.0215550179366779
2.76000000006024 2.43916597487433 0.079563302525219
2.82000000006155 4.10086440407309 0.1
2.88000000006286 6.274375787547 0.1
2.94000000006417 8.25737847348822 0.1
3.00000000006548 9.3817722867056 0.1
3.06000000006679 9.36133082891442 0.0947182527219854
3.1200000000681 8.21086737037623 -0.00849162171242468
3.18000000006941 6.18184208085108 -0.1
3.24000000007072 3.6957735468076 -0.1
3.30000000007203 1.3607708146001 -0.1
3.36000000007334 -0.202757464353937 -0.1
3.42000000007465 -0.498689828214481 -0.0297975355517861
3.48000000007596 0.590014836147304 0.0966529345586886
3.54000000007727 2.83819269120644 0.1
3.60000000007858 5.5769475242611 0.1
3.66000000007989 7.98276326901086 0.1
3.7200000000812 9.30959844502596 0.1
3.78000000008251 9.26252234364435 0.0914809716912159
3.84000000008382 7.89340029430343 -0.0300127243747216
3.90000000008513 5.53672690648696 -0.1
3.96000000008644 2.70367224094679 -0.1
4.02000000008775 0.0892019521246255 -0.1
4.08000000008906 -1.63579197115237 -0.1
4.14000000009037 -1.96124582426387 -0.0473219864152968
4.20000000009168 -0.784988054831615 0.0893477300718188
4.26000000009299 1.62209055820492 0.1
4.3200000000943 4.56621692785771 0.1
4.38000000009561 7.18470893953784 0.1
4.44000000009692 8.68976116835788 0.1
4.50000000009823 8.74744666295172 0.0949058251778418
4.56000000009954 7.40331820316212 -0.0331322934884608
4.62000000010084 4.99174751012396 -0.1
4.68000000010215 2.04291668643447 -0.1
4.74000000010346 -0.732813897120195 -0.1
4.80000000010477 -2.63574662774292 -0.1
4.86000000010608 -3.11762228122322 -0.0722678139524348
4.92000000010739 -2.05185973115567 0.0667441039217193
4.9800000001087 0.294603385874865 0.1
5.04000000011001 3.31947088861276 0.1
5.10000000011132 6.17219822739989 0.1
5.16000000011263 8.03893092107327 0.1
5.22000000011394 8.44964700761727 0.1
5.28000000011525 7.38393043619891 -0.012755230790028
5.34000000011656 5.11463694943623 -0.1
5.40000000011787 2.14768718320062 -0.1
5.46000000011918 -0.778939975462208 -0.1
5.52000000012049 -2.93407291253465 -0.1
5.5800000001218 -3.70353217366861 -0.1
5.64000000012311 -2.91952263081114 0.0352630454726551
5.70000000012442 -0.746766789136359 0.1
5.76000000012573 2.31808849870856 0.1
5.82000000012704 5.43419767383287 0.1
5.88000000012835 7.76695015356816 0.1
5.94000000012966 8.68547880675774 0.1
6.00000000013097 8.04801166579938 0.0297722584124155
6.06000000013228 6.04171366376792 -0.1
6.12000000013359 3.14157878155939 -0.1
6.1800000001349 0.103488652195153 -0.1
6.24000000013621 -2.29285713988074 -0.1
6.30000000013752 -3.36636034447505 -0.1
6.36000000013883 -2.8743171180715 0.0113981358832457
6.42000000014013 -0.920044372113807 0.1
6.48000000014144 2.04981925992379 0.1
6.54000000014275 5.20274498493686 0.1
6.60000000014406 7.6732805459406 0.1
6.66000000014537 8.77944363124982 0.1
6.72000000014668 8.3334215291606 0.0486657332437854
6.78000000014799 6.47955083303151 -0.0852498246349825
6.8400000001493 3.67878450839561 -0.1
6.90000000015061 0.645844518925088 -0.1
6.96000000015192 -1.84950190834059 -0.1
7.02000000015323 -3.10466848251247 -0.1
7.08000000015454 -2.81663649235711 -0.00500869002554051
7.14000000015585 -1.04281766103611 0.1
7.20000000015716 1.8146758827346 0.1
7.26000000015847 4.94473803847782 0.1
7.32000000015978 7.47389235272442 0.1
7.38000000016109 8.69191887128147 0.1
7.4400000001624 8.37961208186394 0.0602844386590271
7.50000000016371 6.64953107232148 -0.0731693637891558
7.56000000016502 3.95394966192376 -0.1
7.62000000016633 0.951568508890659 -0.1
7.68000000016764 -1.61340076860546 -0.1
7.74000000016895 -3.02862630446438 -0.1
7.80000000017026 -2.92845635524165 -0.0218156046906294
7.86000000017157 -1.32561433678575 0.1
7.92000000017288 1.42081669115854 0.1
7.98000000017419 4.52264416316319 0.1
8.0400000001755 7.10065165225566 0.1
8.10000000017681 8.41837271741619 0.1
8.16000000017812 8.22678307532263 0.0687700621684287
8.22000000017943 6.61505756671539 -0.0637073311878088
8.28000000018073 4.00677865739243 -0.1
8.34000000018204 1.02206170891478 -0.1
8.40000000018335 -1.60022909426732 -0.1
8.46000000018466 -3.15251015510677 -0.1
8.52000000018597 -3.21834098153468 -0.0386348143120346
8.58000000018728 -1.77364785828112 0.1
8.64000000018859 0.859481439421103 0.1
8.7000000001899 3.91703290825001 0.1
8.76000000019121 6.5204456890867 0.1
8.82000000019252 7.91542709812884 0.1
8.88000000019383 7.82902527672158 0.073438808566502
8.94000000019514 6.3270804861973 -0.0576444292833497
9.00000000019645 3.80951920928024 -0.1
9.06000000019776 0.866428414114978 -0.1
9.12000000019907 -1.77377000839962 -0.1
9.18000000020038 -3.40800442524704 -0.1
9.24000000020169 -3.58723562890094 -0.0518844606152021
9.300000000203 -2.25935304402034 0.0863093750288497
9.36000000020431 0.264537224668487 0.1
9.42000000020562 3.28997088112857 0.1
0 -90.5956040205386 -0.1
0.0600000000013097 -91.1443152496498 -0.1
0.120000000002619 -91.7421333426753 -0.1
0.180000000003929 -92.258992702778 -0.1
0.240000000005239 -92.5084009712319 -0.1
0.300000000006548 -92.2647487303479 -0.1
0.360000000007858 -91.4749005992054 -0.1
0.420000000009168 -90.2136414318256 -0.1
0.480000000010477 -88.6602419948341 -0.1
0.540000000011787 -87.039534657229 -0.1
0.600000000013097 -85.560157518978 -0.1
0.660000000014406 -84.3666151589557 -0.1
0.720000000015716 -83.516521142149 -0.1
0.780000000017026 -82.9832873604095 -0.1
0.840000000018335 -82.675227293919 -0.1
0.900000000019645 -82.4707082330158 -0.1
0.960000000020955 -82.2448203783805 -0.1
1.02000000002226 -81.8947120665433 -0.1
1.08000000002357 -81.3574830186955 -0.1
1.14000000002488 -80.6156076190984 -0.1
1.20000000002619 -79.6995715549386 -0.1
1.2600000000275 -78.6742361927356 -0.1
1.32000000002881 -77.6197051413876 -0.1
1.38000000003012 -76.6111959527724 -0.1
1.44000000003143 -75.7029099143286 -0.1
1.50000000003274 -74.9192743073435 -0.1
1.56000000003405 -74.2543033707002 -0.1
1.62000000003536 -73.6776531424184 -0.1
1.68000000003667 -73.1447132893549 -0.1
1.74000000003798 -72.6080099065498 -0.1
1.80000000003929 -72.0274048810023 -0.1
1.8600000000406 -71.3773759220185 -0.1
1.92000000004191 -70.650494337198 -0.1
1.98000000004322 -69.8566349669596 -0.1
2.04000000004453 -69.0185765717031 -0.1
2.10000000004584 -68.1653544737605 -0.1
2.16000000004715 -67.3251239194133 -0.1
2.22000000004846 -66.5192079048007 -0.1
2.28000000004977 -65.7584948499598 -0.1
2.34000000005108 -65.0426400399548 -0.1
2.40000000005239 -64.3617726790777 -0.1
2.4600000000537 -63.6999468843588 -0.1
2.52000000005501 -63.0393488406587 -0.1
2.58000000005632 -62.3642840020989 -0.1
2.64000000005763 -61.6641656255243 -0.1
2.70000000005894 -60.9350442260246 -0.1
2.76000000006024 -60.1795434051628 -0.1
2.82000000006155 -59.4054056342088 -0.1
2.88000000006286 -58.6231594237557 -0.1
2.94000000006417 -57.8434995695197 -0.1
3.00000000006548 -57.0749968782041 -0.1
3.06000000006679 -56.3225799871772 -0.1
3.1200000000681 -55.5869996418996 -0.1
3.18000000006941 -54.8652660834111 -0.1
3.24000000007072 -54.1518090494917 -0.1
3.30000000007203 -53.439991528862 -0.1
3.36000000007334 -52.7236448162265 -0.1
3.42000000007465 -51.9982994312297 -0.1
3.48000000007596 -51.2618861936613 -0.1
3.54000000007727 -50.5148380110262 -0.1
3.60000000007858 -49.7596637400397 -0.1
3.66000000007989 -49.000136144024 -0.1
3.7200000000812 -48.2403254413394 -0.1
3.78000000008251 -47.4837056835357 -0.1
3.84000000008382 -46.7325066400605 -0.1
3.90000000008513 -45.9874167164879 -0.1
3.96000000008644 -45.24764448391 -0.1
4.02000000008775 -44.5112969219643 -0.1
4.08000000008906 -43.775926966442 -0.1
4.14000000009037 -43.0391195106034 -0.1
4.20000000009168 -42.2989871726179 -0.1
4.26000000009299 -41.5544934767038 -0.1
4.3200000000943 -40.8055552435839 -0.1
4.38000000009561 -40.0529259441399 -0.1
4.44000000009692 -39.2979325860543 -0.1
4.50000000009823 -38.5421110602487 -0.1
4.56000000009954 -37.7868627070232 -0.1
4.62000000010084 -37.0331823359118 -0.1
4.68000000010215 -36.2814976629378 -0.1
4.74000000010346 -35.5316656997304 -0.1
4.80000000010477 -34.7830802365405 -0.1
4.86000000010608 -34.0348575148074 -0.1
4.92000000010739 -33.2860564021655 -0.1
4.9800000001087 -32.5358866820412 -0.1
5.04000000011001 -31.7838522179278 -0.1
5.10000000011132 -31.0298114514711 -0.1
5.16000000011263 -30.2739635634608 -0.1
5.22000000011394 -29.5167581179809 -0.1
5.28000000011525 -28.7587655736667 -0.1
5.34000000011656 -28.0005449645612 -0.1
5.40000000011787 -27.2425266284466 -0.1
5.46000000011918 -26.4849489712251 -0.1
5.52000000012049 -25.7278264155603 -0.1
5.5800000001218 -24.970981879771 -0.1
5.64000000012311 -24.2141034697726 -0.1
5.70000000012442 -23.4568318635327 -0.1
5.76000000012573 -22.6988406204202 -0.1
5.82000000012704 -21.9398997658322 -0.1
5.88000000012835 -21.1799092066305 -0.1
5.94000000012966 -20.418903160051 -0.1
6.00000000013097 -19.6570261975906 -0.1
6.06000000013228 -18.8944845630947 -0.1
6.12000000013359 -18.1315001643475 -0.1
6.1800000001349 -17.3682605993504 -0.1
6.24000000013621 -16.6048894446305 -0.1
6.30000000013752 -15.8414233131119 -0.099544482499989
6.36000000013883 -15.077342672301 -0.096375669785984
6.42000000014013 -14.3100349576022 -0.0927266803023873
6.48000000014144 -13.5419009828367 -0.0890390558441098
6.54000000014275 -12.7811775330225 -0.0858837183518885
6.60000000014406 -12.0389101294333 -0.0836107212069628
6.66000000014537 -11.32566278699 -0.0822942850474606
6.72000000014668 -10.6479976934459 -0.08167722082833
6.78000000014799 -10.0059337342702 -0.0812251225542259
6.8400000001493 -9.39241417263275 -0.0802863509845019
6.90000000015061 -8.79500557748204 -0.078293347246829
6.96000000015192 -8.19957461805095 -0.0749637130146177
7.02000000015323 -7.59488465245224 -0.070423694907132
7.08000000015454 -6.97672055591696 -0.0652122258639101
7.14000000015585 -6.35010015677653 -0.0601463600358342
7.20000000015716 -5.72860664948558 -0.0560772479452545
7.26000000015847 -5.13070324294833 -0.0536032665822316
7.32000000015978 -4.57401790379512 -0.052843457510464
7.38000000016109 -4.06939483332522 -0.0533565676459695
7.4400000001624 -3.61647293974045 -0.0542207219990679
7.50000000016371 -3.20263008366788 -0.0542996689227433
7.56000000016502 -2.80601036202981 -0.0526105360178325
7.62000000016633 -2.40190490912593 -0.048666242022744
7.68000000016764 -1.9707836424102 -0.0426949466307169
7.74000000016895 -1.50543337867521 -0.0356406575887704
7.80000000017026 -1.01469790034892 -0.0289222776263904
7.86000000017157 -0.522193025988798 -0.0240064371211061
7.92000000017288 -0.059873727198493 -0.0219166708821262
7.98000000017419 0.341926168923806 -0.022839377625781
8.0400000001755 0.664949815389377 -0.0259743436877547
8.10000000017681 0.910523503240341 -0.0296996129760101
8.16000000017812 1.10124396262412 -0.0320331375655431
8.22000000017943 1.2757061234868 -0.0312606623299248
8.28000000018073 1.47729871206306 -0.0265406778544507
8.34000000018204 1.74016389492013 -0.0182839273341033
8.40000000018335 2.07671920236515 -0.00815451478340105
8.46000000018466 2.47110969307698 0.00135032163711825
8.52000000018597 2.88006630380011 0.0075177509697565
8.58000000018728 3.2508469500489 0.00901948114448863
8.64000000018859 3.53049184680378 0.00528043187510912
8.7000000001899 3.67983943304284 -0.00298024964197872
8.76000000019121 3.71765802565801 -0.0107808491098935
8.82000000019252 3.67646736415338 -0.016673920025509
8.88000000019383 3.61662825461477 -0.0177413599806186
8.94000000019514 3.61237083999245 -0.0120684149652299
9.00000000019645 3.72217866097998 -0.000348246856423474
9.06000000019776 3.96923371134307 0.0147503428750167
9.12000000019907 4.32778332820001 0.0289253879163601
9.18000000020038 4.72840963879051 0.037856565058319
9.24000000020169 5.0762960620709 0.0384633275006974
9.300000000203 5.28022259169808 0.0300900017703415
9.36000000020431 5.28409666892767 0.0150429338439155
9.42000000020562 5.08988537316739 -0.00187932791716683
9.48000000020693 4.76547938618117 -0.0145433015730682
9.54000000020824 4.42053842857112 -0.0183777971725167
9.60000000020955 4.18515404084104 -0.0103463806810729
9.66000000021086 4.16620033521616 0.00874983253830994
9.72000000021217 4.40607133769709 0.0340390896394702
9.78000000021348 4.85898054283516 0.0577790594081078
9.84000000021479 5.40680076454174 0.0727885532351087
9.9000000002161 5.87987484765145 0.0730544116376025
9.96000000021741 6.10802656954914 0.0567581400602613
10.0200000002187 5.98417769092771 0.0279815212054116
10.08000000022 5.51016463959331 -0.00428590764146182
10.1400000002213 4.79587976677811 -0.0300126442291789
10.2000000002226 4.0315489045993 -0.0406169872931039
10.260000000224 3.45305591349521 -0.0298795111741859
10.3200000002253 3.27056527287002 0.00227694787396671
10.3800000002266 3.57167122834434 0.0466592251379834
10.4400000002279 4.30084168264796 0.0909132237541706
10.5000000002292 5.26461375676274 0.1
10.5600000002305 6.14397119468578 0.1
10.6200000002318 6.62366614440558 0.1
10.6800000002331 6.54667749513004 0.0610150574270611
10.7400000002344 5.8642226438802 0.00549425887767403
10.8000000002357 4.68601273680898 -0.0461949576895111
10.8600000002371 3.26550521272458 -0.0796118494505072
10.9200000002384 1.98575516852839 -0.0800838333514696
10.9800000002397 1.24927382581714 -0.0418014728414046
11.040000000241 1.32628062567056 0.0271571578904152
11.1000000002423 2.2347476187129 0.1
11.1600000002436 3.76552692493257 0.1
11.2200000002449 5.47415575092595 0.1
11.2800000002462 6.80273467375187 0.1
11.3400000002475 7.40950864615476 0.1
11.4000000002488 7.1597427571848 0.0529315263186746
11.4600000002501 6.07640738797289 -0.0255430285089923
11.5200000002515 4.36849226673888 -0.0933599447086543
11.5800000002528 2.42469285926222 -0.1
11.6400000002541 0.72958689224285 -0.1
11.7000000002554 -0.208227989579598 -0.080295988442836
11.7600000002567 -0.0952670724306302 0.00836969051929714
11.820000000258 1.07616411715338 0.1
11.8800000002593 3.0919959045136 0.1
11.9400000002606 5.4344750821767 0.1
12.0000000002619 7.46101288848035 0.1
12.0600000002632 8.62448632911881 0.1
12.1200000002646 8.70555474810482 0.0964229154875564
12.1800000002659 7.71829848670794 -0.000161214276980071
12.2400000002672 5.86689472340993 -0.088927475316421
12.3000000002685 3.5016937992977 -0.1
12.3600000002698 1.14927654037538 -0.1
12.4200000002711 -0.634957426593616 -0.1
12.4800000002724 -1.3582244338655 -0.0742619622734985
12.5400000002737 -0.823551757633908 0.0356660059178571
12.600000000275 0.871704899919479 0.1
12.6600000002763 3.37058108484695 0.1
12.7200000002777 6.05080538998979 0.1
12.780000000279 8.20033201153558 0.1
12.8400000002803 9.294390897726 0.1
12.9000000002816 9.16003725833562 0.083152247145296
12.9600000002829 7.85964062914562 -0.0246640761056563
13.0200000002842 5.69089493167516 -0.1
13.0800000002855 3.0834927095209 -0.1
13.1400000002868 0.620066701641974 -0.1
13.2000000002881 -1.11843185599784 -0.1
13.2600000002894 -1.67361432547693 -0.0635034333413379
13.3200000002907 -0.899562584599778 0.0547367328193173
13.3800000002921 1.05303258204265 0.1
13.4400000002934 3.74550703045529 0.1
13.5000000002947 6.49474557483029 0.1
13.560000000296 8.57333794513934 0.1
13.6200000002973 9.51496439828585 0.1
13.6800000002986 9.19004117932639 0.0675804892344239
13.7400000002999 7.69386243980549 -0.0426777661401151
13.8000000003012 5.36742752410817 -0.1
13.8600000003025 2.69833633419171 -0.1
13.9200000003038 0.280031084486126 -0.1
13.9800000003052 -1.29043762939614 -0.1
14.0400000003065 -1.62336186002912 -0.0444643130437869
14.1000000003078 -0.622502688079322 0.0765061447487555
14.1600000003091 1.54074406677955 0.1
14.2200000003104 4.32279193023612 0.1
14.2800000003117 7.01046982689809 0.1
14.340000000313 8.88917051531632 0.1
14.4000000003143 9.58202552184488 0.1
14.4600000003156 9.01341231359064 0.0454537128098895
14.5200000003169 7.32281704779248 -0.0627538995269907
14.5800000003183 4.85880147356306 -0.1
14.6400000003196 2.1876539794217 -0.1
14.7000000003209 -0.0830522298989251 -0.1
14.7600000003222 -1.36761427503657 -0.1
14.8200000003235 -1.37426158657334 -0.0147088369697662
14.8800000003248 -0.0736510993962156 0.1
14.9400000003261 2.30908253183594 0.1
15.0000000003274 5.18292124038118 0.1
15.0600000003287 7.824426045613 0.1
15.12000000033 9.55219461828304 0.1
15.1800000003313 10.045892786672 0.1
15.2400000003327 9.27378606197237 0.0311777693814809
15.300000000334 7.41680824571327 -0.0755728906019998
15.3600000003353 4.84411303758645 -0.1
15.4200000003366 2.13766822324288 -0.1
15.4800000003379 -0.0892596369540399 -0.1
15.5400000003392 -1.26667623949442 -0.1
15.6000000003405 -1.13846814856242 -0.00104221435276767
15.6600000003418 0.296222751772831 0.1
15.7200000003431 2.7845203230205 0.1
15.7800000003444 5.71654621312825 0.1
15.8400000003458 8.36662520565477 0.1
15.9000000003471 10.0642072651208 0.1
15.9600000003484 10.5046265041024 0.1
16.0200000003497 9.67020427402525 0.0300679181842797
16.080000000351 7.75556932877632 -0.0767694867318774
16.1400000003523 5.13903489559607 -0.1
16.2000000003536 2.40567686715914 -0.1
16.2600000003549 0.167735965382377 -0.1
16.3200000003562 -1.00807238477785 -0.1
16.3800000003575 -0.86932142749518 0.00260856907009717
16.4400000003589 0.581256646834817 0.1
16.5000000003602 3.08757068434446 0.1
16.5600000003615 6.03778545865615 0.1
16.6200000003628 8.70563269777958 0.1
16.6800000003641 10.4206099221641 0.1
16.7400000003654 10.8772389825768 0.1
16.8000000003667 10.056433605914 0.0351808180872416
16.860000000368 8.15067846059478 -0.0718440105471142
16.9200000003693 5.53660096468928 -0.1
16.9800000003706 2.79780001366771 -0.1
17.0400000003719 0.545946360057513 -0.1
17.1000000003733 -0.651359727980264 -0.1
17.1600000003746 -0.538159097510743 0.00389034716789
17.2200000003759 0.887180090028522 0.1
17.2800000003772 3.37450537142871 0.1
17.3400000003785 6.31784176066725 0.1
17.4000000003798 8.99373375836143 0.1
17.4600000003811 10.7307685486905 0.1
17.5200000003824 11.2189522361762 0.1
17.5800000003837 10.4334802271966 0.0420088455933234
17.640000000385 8.55967752984969 -0.0648555021497638
17.7000000003864 5.97012081083486 -0.1
17.7600000003877 3.24056612866195 -0.1
17.820000000389 0.975379697327696 -0.1
17.8800000003903 -0.256177280214587 -0.1
17.9400000003916 -0.188591690581518 0.0036896380563086
18.0000000003929 1.18858010611265 0.1
18.0600000003942 3.63604445640306 0.1
18.1200000003955 6.55796950240824 0.1
18.1800000003968 9.23559375362694 0.1
18.2400000003981 10.9961206800131 0.1
18.3000000003995 11.5231330730993 0.1
18.3600000004008 10.7839093360274 0.0494722880731689
18.4200000004021 8.95407905673889 -0.0570236695186963
18.4800000004034 6.40908840889239 -0.1
18.5400000004047 3.69351870844324 -0.1
18.600000000406 1.39886945131542 -0.1
18.6600000004073 0.0938275777326396 -0.1
18.7200000004086 0.0692821769139869 -0.0013318436459619
18.7800000004099 1.353814849966 0.1
18.8400000004112 3.72772040851024 0.1
18.9000000004125 6.6116096284357 0.1
18.9600000004139 9.2921819680131 0.1
19.0200000004152 11.0915658098417 0.1
19.0800000004165 11.6811164891786 0.1
19.1400000004178 11.0148629854338 0.0579319634391861
19.2000000004191 9.25324446258347 -0.0481886667072872
19.2600000004204 6.77097081578421 -0.1
19.3200000004217 4.08016025680797 -0.1
19.380000000423 1.75365607897012 -0.1
19.4400000004243 0.361979453263444 -0.1
19.5000000004256 0.226125912956746 -0.00899203145518842
19.560000000427 1.39729164888553 0.1
19.6200000004283 3.67904057305779 0.1
19.6800000004296 6.5122788524657 0.1
19.7400000004309 9.19080214926061 0.1
19.8000000004322 11.031124013454 0.1
19.8600000004335 11.6904335937659 0.1
19.9200000004348 11.1074774371358 0.0658273378844616
19.9800000004361 9.42859072495742 -0.0394604983134771
20.0400000004374 7.0155948839359 -0.1
20.1000000004387 4.34886074516882 -0.1
20.1600000004401 2.00058614390957 -0.1
20.2200000004414 0.529387282440211 -0.1
20.2800000004427 0.286600081583089 -0.0172802858973443
20.340000000444 1.34584825262601 0.1
20.4000000004453 3.53327537179305 0.1
20.4600000004466 6.31076688857488 0.1
20.5200000004479 8.98056115868343 0.1
20.5800000004492 10.8549980740003 0.1
20.6400000004505 11.5782448405202 0.1
20.7000000004518 11.0745744939663 0.0720955884093506
20.7600000004531 9.47696310968021 -0.0321991896429023
20.8200000004545 7.1318695475143 -0.1
20.8800000004558 4.4969895307151 -0.1
20.9400000004571 2.12858296274302 -0.1
21.0000000004584 0.580932710777205 -0.1
21.0600000004597 0.233846525642747 -0.0265152295464517
21.120000000461 1.18322006854152 0.0913717825701836
21.1800000004623 3.2768739683693 0.1
21.2400000004636 5.99752537796905 0.1
21.3000000004649 8.65619944775202 0.1
21.3600000004662 10.5616047215204 0.1
21.4200000004676 11.3454622117607 0.1
21.4800000004689 10.918080708801 0.0768411060548583
21.5400000004702 9.3988525231469 -0.0265187436005585
21.6000000004715 7.1194512043333 -0.1
21.6600000004728 4.51867339527612 -0.1
21.7200000004741 2.13985880520977 -0.1
21.7800000004754 0.53342445016969 -0.1
21.8400000004767 0.101365608859567 -0.0349608376704702
21.900000000478 0.958230340750475 0.0813055765150785
21.9600000004793 2.97010169078777 0.1
22.0200000004807 5.63810922153493 0.1
22.080000000482 8.28212117322502 0.1
22.1400000004833 10.2091154087128 0.1
22.2000000004846 11.0411357042312 0.1
22.2600000004859 10.6770739904237 0.0796353859514762
22.3200000004872 9.22425351999598 -0.0228554390797873
22.3800000004885 7.00167107105818 -0.1
22.4400000004898 4.43181278883071 -0.1
22.5000000004911 2.05611243000132 -0.1
22.5600000004924 0.418816187503268 -0.1
22.6200000004937 -0.0653080207798666 -0.041016356636747
22.6800000004951 0.730281676412375 0.0738014502920575
22.7400000004964 2.68301995572574 0.1
22.8000000004977 5.30979799361447 0.1
22.860000000499 7.94185267844665 0.1
22.9200000005003 9.88531843543322 0.1
22.9800000005016 10.7541600159356 0.1
23.0400000005029 10.4386275232831 0.0812234891027479
23.1000000005042 9.03723112658864 -0.0205679641943464
23.1600000005055 6.85724382053257 -0.1
23.2200000005068 4.31111867946913 -0.1
23.2800000005082 1.93851199434889 -0.1
23.3400000005095 0.280296161442521 -0.1
23.4000000005108 -0.240791315380505 -0.0459041069493918
23.4600000005121 0.5104311620278 0.0677870766902662
23.5200000005134 2.41658410975427 0.1
23.5800000005147 5.01241487468229 0.1
23.640000000516 7.64567213488667 0.1
23.7000000005173 9.62434938745062 0.1
23.7600000005186 10.545719473847 0.1
23.8200000005199 10.2890795874449 0.0845908625510343
23.8800000005213 8.9447232817451 -0.0168123184608675
23.9400000005226 6.80499579716755 -0.1
24.0000000005239 4.26994780674525 -0.1
24.0600000005252 1.88112294119776 -0.1
24.1200000005265 0.175759847454771 -0.1
24.1800000005278 -0.411577370044455 -0.0531840150353277
24.2400000005291 0.270348223163495 0.0594882462536585
24.3000000005304 2.10428748553767 0.1
24.3600000005317 4.66941406729202 0.1
24.420000000533 7.32694285788182 0.1
24.4800000005343 9.38120237110928 0.1
24.5400000005357 10.399193249865 0.1
24.600000000537 10.2409095716986 0.0922910620749803
24.6600000005383 8.98604806532455 -0.00894322425107463
24.7200000005396 6.90092303263791 -0.0969128248593127
24.7800000005409 4.36898823428444 -0.1
24.8400000005422 1.92261061208711 -0.1
24.9000000005435 0.100364766583539 -0.1
24.9600000005448 -0.635363320350223 -0.06785491610942
25.0200000005461 -0.102748004756393 0.0431356961867496
25.0800000005474 1.59933039867261 0.1
25.1400000005488 4.11441277665591 0.1
25.2000000005501 6.82843029149581 0.1
25.2600000005514 9.04548971441767 0.1
25.3200000005527 10.265417065772 0.1
25.380000000554 10.3071409436728 0.1
25.4400000005553 9.22169356142052 0.00452949516364019
25.5000000005566 7.23694023788318 -0.0880891177724381
25.5600000005579 4.71496945575268 -0.1
25.6200000005592 2.18825127534245 -0.1
25.6800000005605 0.202808758776314 -0.1
25.7400000005618 -0.740634609429435 -0.0862488171592243
25.8000000005632 -0.425753314322435 0.021632658404653
25.8600000005645 1.09737381077412 0.1
25.9200000005658 3.54954083956142 0.1
25.9800000005671 6.33351572797176 0.1
26.0400000005684 8.76760490852044 0.1
26.1000000005697 10.2650654361822 0.1
26.160000000571 10.5821496733842 0.1
26.2200000005723 9.72155718775846 0.0284159985667292
26.2800000005736 7.87449658283251 -0.0698979351141857
26.3400000005749 5.39067642720343 -0.1
26.4000000005763 2.81017095889985 -0.1
26.4600000005776 0.699667200758086 -0.1
26.5200000005789 -0.41075686396016 -0.0967661344232929
26.5800000005802 -0.279749720902174 0.00791261273677551
26.6400000005815 1.0910110813609 0.1
26.7000000005828 3.46574694715983 0.1
26.7600000005841 6.28356575874625 0.1
26.8200000005854 8.860005344195 0.1
26.8800000005867 10.5607766634666 0.1
26.940000000588 11.0884739407798 0.1
27.0000000005894 10.4091282097582 0.0506018763100146
27.0600000005907 8.6826325473838 -0.051320784826953
27.120000000592 6.2594164048362 -0.1
27.1800000005933 3.65015858755328 -0.1
27.2400000005946 1.41770796350721 -0.1
27.3000000005959 0.111951339516054 -0.1
27.3600000005972 0.0252367927681405 -0.00696627326332303
27.4200000005985 1.20114192087567 0.1
27.4800000005998 3.44860578028309 0.1
27.5400000006011 6.22876349123229 0.1
27.6000000006024 8.86197750644482 0.1
27.6600000006038 10.6872627746972 0.1
27.7200000006051 11.3702564231201 0.1
27.7800000006064 10.8467117940527 0.0680924123908185
27.8400000006077 9.25128731379377 -0.0344097671482532
27.900000000609 6.92612899332298 -0.1
27.9600000006103 4.32780533224505 -0.1
28.0200000006116 2.00181299561655 -0.1
28.0800000006129 0.495865640056991 -0.1
28.1400000006142 0.170345174758154 -0.0253721501409675
28.2000000006155 1.11643136737979 0.0903908626865297
28.2600000006169 3.18601320511453 0.1
28.3200000006182 5.87585119740737 0.1
28.3800000006195 8.51462662376304 0.1
28.4400000006208 10.4253621720339 0.1
28.5000000006221 11.2433659274256 0.1
28.5600000006234 10.8747626830488 0.0812931186047443
28.6200000006247 9.4304285801062 -0.0199653320624485
28.680000000626 7.22367462498985 -0.1
28.7400000006273 4.66664253378167 -0.1
28.8000000006286 2.29331788259131 -0.1
28.86000000063 0.636806211214633 -0.1
28.9200000006313 0.113666029629456 -0.0424242550259623
28.9800000006326 0.857108524202971 0.070815858821293
29.0400000006339 2.75454826415498 0.1
29.1000000006352 5.34258307287894 0.1
29.1600000006365 7.97001414452075 0.1
29.2200000006378 9.9502649085095 0.1
29.2800000006391 10.889061993757 0.1
29.3400000006404 10.6648279679589 0.091161559253949
29.4000000006417 9.36860270569858 -0.00832271559345714
29.460000000643 7.27289500236165 -0.0937214608809975
29.5200000006444 4.75917792482684 -0.1
29.5800000006457 2.35032844231685 -0.1
29.640000000647 0.573873878507698 -0.1
29.7000000006483 -0.121554344688661 -0.0592043616820589
29.7600000006496 0.44032585433132 0.0513222399135178
29.8200000006509 2.15687165195729 0.1
29.8800000006522 4.65218109002433 0.1
29.9400000006535 7.31546606712081 0.1
30.0000000006548 9.45315849765646 0.1
30.0600000006561 10.6029513528629 0.1
30.1200000006575 10.5988943684577 0.1
30.1800000006588 9.49924781852999 0.00620504003894773
30.2400000006601 7.53123521590501 -0.0835795531456765
30.3000000006614 5.0488075559629 -0.1
30.3600000006627 2.57135008224839 -0.1
30.420000000664 0.63118656450709 -0.1
30.4800000006653 -0.282740380133134 -0.0790728046337294
30.5400000006666 0.0466592955556848 0.0278457416036512
30.6000000006679 1.55889897819549 0.1
30.6600000006692 3.96460454408819 0.1
30.7200000006706 6.68605639624229 0.1
30.7800000006719 9.04349964131384 0.1
30.8400000006732 10.4777951797275 0.1
30.9000000006745 10.7616411278404 0.1
30.9600000006758 9.90173591716544 0.0303291123921846
31.0200000006771 8.08601613266768 -0.0650534950964326
31.0800000006784 5.65387323346022 -0.1
31.1400000006797 3.13091765001531 -0.1
31.200000000681 1.06957341292161 -0.1
31.2600000006823 -0.0117399622547225 -0.0902303695406182
31.3200000006836 0.129540602014544 0.0131041265675893
31.380000000685 1.48207454466095 0.1
31.4400000006863 3.80808078110832 0.1
31.5000000006876 6.55130598681774 0.1
31.5600000006889 9.03935571192403 0.1
31.6200000006902 10.6652790205782 0.1
31.6800000006915 11.1514042638178 0.1
31.7400000006928 10.4685730021632 0.0509236967857086
31.8000000006941 8.77396799843532 -0.0477046413562504
31.8600000006954 6.4075615307425 -0.1
31.9200000006967 3.8637766529518 -0.1
31.9800000006981 1.68945712092957 -0.1
32.0400000006994 0.421178446535691 -0.1
32.1000000007007 0.344774089886528 -0.00281585659479117
32.160000000702 1.50384489332782 0.1
32.2200000007033 3.71391947705459 0.1
32.2800000007046 6.45008543949953 0.1
32.3400000007059 9.0482313657393 0.1
32.4000000007072 10.8591997405277 0.1
32.4600000007085 11.552310756263 0.1
32.5200000007098 11.0607107950129 0.0729586577520911
32.5800000007112 9.51420830344037 -0.0275606488641575
32.6400000007125 7.24354476022262 -0.1
32.7000000007138 4.68290842791615 -0.1
32.7600000007151 2.36480556695469 -0.1
32.8200000007164 0.823360202551811 -0.1
32.8800000007177 0.433927090415864 -0.0279833103126676
32.940000000719 1.30127298068783 0.0858121140159733
33.0000000007203 3.29359991557249 0.1
33.0600000007216 5.92794509524023 0.1
33.1200000007229 8.54687342520583 0.1
33.1800000007242 10.4775331415065 0.1
33.2400000007256 11.3486377641583 0.1
33.3000000007269 11.0552170022163 0.0894170049616055
33.3600000007282 9.70076571526982 -0.00963648860833123
33.4200000007295 7.56942414301747 -0.0934199341953079
33.4800000007308 5.04765350803876 -0.1
33.5400000007321 2.65539016299275 -0.1
33.6000000007334 0.914876454106235 -0.1
33.6600000007347 0.262911580616105 -0.0516224168426439
33.720000000736 0.864256796771429 0.059092819826121
33.7800000007373 2.61967802694375 0.1
33.8400000007387 5.12702294430579 0.1
33.90000000074 7.76477061668999 0.1
33.9600000007413 9.84654536789739 0.1
34.0200000007426 10.937564018053 0.1
34.0800000007439 10.8852263136619 0.1
34.1400000007452 9.75652716774329 0.00643396766999164
34.2000000007465 7.78211574567666 -0.0814515348377197
34.2600000007478 5.31337350353434 -0.1
34.3200000007491 2.86247127619734 -0.1
34.3800000007504 0.952880314850063 -0.1
34.4400000007518 0.0648513664576456 -0.0733344432899053
34.5000000007531 0.412670226330192 0.0332548637298876
34.5600000007544 1.93297908698381 0.1
34.6200000007557 4.32462119758364 0.1
34.680000000757 7.00945418152742 0.1
34.7400000007583 9.30923092542619 0.1
34.8000000007596 10.6916165439801 0.1
34.8600000007609 10.9408365957212 0.1
34.9200000007622 10.068770500109 0.0310361615184236
34.9800000007635 8.26362752986506 -0.0622925861426125
35.0400000007648 5.85955257606608 -0.1
35.1000000007662 3.37313901867995 -0.1
35.1600000007675 1.34708167289583 -0.1
35.2200000007688 0.291110177757133 -0.0849991897620698
35.2800000007701 0.447943565300704 0.0177706007376082
35.3400000007714 1.79694781349656 0.1
35.4000000007727 4.09652889115617 0.1
35.460000000774 6.78887985332054 0.1
35.5200000007753 9.21023834454766 0.1
35.5800000007766 10.7745816463743 0.1
35.6400000007779 11.2205476182989 0.1
35.7000000007793 10.5244120802109 0.0503901495868396
35.7600000007806 8.84353671409139 -0.045827195394238
35.8200000007819 6.51093829741956 -0.1
35.8800000007832 4.01242912523031 -0.1
35.9400000007845 1.884538174048 -0.1
36.0000000007858 0.653856785404713 -0.0958220574950295
36.0600000007871 0.602487870821648 0.00212103922326394
36.1200000007884 1.7646462108448 0.1
36.1800000007897 3.94826217656225 0.1
36.240000000791 6.64003602288548 0.1
36.3000000007924 9.1805486519124 0.1
36.3600000007937 10.9391194682654 0.1
36.420000000795 11.599405276008 0.1
36.4800000007963 11.0990091030128 0.072620112679083
36.5400000007976 9.56726640451402 -0.0257726781745793
36.6000000007989 7.32908967374402 -0.1
36.6600000008002 4.81051784570545 -0.1
36.7200000008015 2.53436414843497 -0.1
36.7800000008028 1.02624288631353 -0.1
36.8400000008041 0.654271977106703 -0.0242585744023553
36.9000000008054 1.520942586529 0.0880845410180102
36.9600000008068 3.49660741536351 0.1
37.0200000008081 6.10563058904933 0.1
37.0800000008094 8.70042940134147 0.1
37.1400000008107 10.6169385664239 0.1
37.200000000812 11.4879781770005 0.1
37.2600000008133 11.2084181854628 0.0921500413493764
37.3200000008146 9.88112116717153 -0.0054700113775471
37.3800000008159 7.78011813890484 -0.0886215070483699
37.4400000008172 5.28100184981986 -0.1
37.5000000008185 2.89597944776671 -0.1
37.5600000008199 1.13984858815886 -0.1
37.6200000008212 0.452917663078807 -0.0525791918257065
37.6800000008225 1.00887589784989 0.056857149943366
37.7400000008238 2.71627143882355 0.1
37.8000000008251 5.18781127833427 0.1
37.8600000008264 7.81281587690907 0.1
37.9200000008277 9.90892732245362 0.1
37.980000000829 11.0359907424775 0.1
38.0400000008303 11.0338984180369 0.1
38.1000000008316 9.95972901874748 0.0130710922876644
38.160000000833 8.03393691461955 -0.0747452064141683
38.2200000008343 5.60013340841573 -0.1
38.2800000008356 3.16525498895291 -0.1
38.3400000008369 1.25062639811441 -0.1
38.4000000008382 0.337644845385512 -0.0726040541516075
38.4600000008395 0.646729489096089 0.0325196608332977
38.5200000008408 2.12252327522 0.1
38.5800000008421 4.47319079788093 0.1
38.6400000008434 7.13075675555675 0.1
38.7000000008447 9.42229947229919 0.1
38.760000000846 10.8181809693019 0.1
38.8200000008474 11.0988876840806 0.1
38.8800000008487 10.2696630109858 0.0366754729234975
38.94000000085 8.50987392890374 -0.0559164897991783
39.0000000008513 6.14528790771189 -0.1
39.0600000008526 3.68545839370177 -0.1
39.1200000008539 1.66852172728406 -0.1
39.1800000008552 0.60256237552116 -0.0826235535104307
39.2400000008565 0.735557839623539 0.0188399698024106
39.3000000008578 2.04898436926467 0.1
39.3600000008591 4.30507444509979 0.1
39.4200000008605 6.95898624608606 0.1
39.4800000008618 9.35124025376967 0.1
39.5400000008631 10.9038045364049 0.1
39.6000000008644 11.3581214470317 0.1
39.6600000008657 10.6876039499484 0.0542058625954832
39.720000000867 9.0434162628402 -0.0406621718969891
39.7800000008683 6.75551554275697 -0.1
39.8400000008696 4.2923997389891 -0.1
39.9000000008709 2.17037101517641 -0.1
39.9600000008722 0.915025470045862 -0.0951873664171175
40.0200000008736 0.81950473941049 0.000755345570845972
40.0800000008749 1.92668974607861 0.1
40.1400000008762 4.05513509474727 0.1
40.2000000008775 6.70580747358795 0.1
40.2600000008788 9.22735207574419 0.1
40.3200000008801 10.9927691618504 0.1
40.3800000008814 11.6826830906984 0.1
40.4400000008827 11.22797530117 0.0777558298089146
40.500000000884 9.75097598436636 -0.0192798311681526
40.5600000008853 7.56564173878704 -0.0978913918322812
40.6200000008866 5.0789194011366 -0.1
40.680000000888 2.80008715980975 -0.1
40.7400000008893 1.24617435329614 -0.1
40.8000000008906 0.803603174005417 -0.0286038189144942
40.8600000008919 1.589914654343 0.0821431585853189
40.9200000008932 3.49111890406223 0.1
40.9800000008945 6.04926056145641 0.1
41.0400000008958 8.62729355383155 0.1
41.1000000008971 10.5624688563904 0.1
41.1600000008984 11.480220447563 0.1
41.2200000008997 11.2650689100262 0.0981009149790045
41.2800000009011 10.0124948829983 0.002127049051315
41.3400000009024 7.97411012160433 -0.0813487933885008
41.4000000009037 5.5074802860631 -0.1
41.460000000905 3.11200833456689 -0.1
41.5200000009063 1.29601632172654 -0.1
41.5800000009076 0.514830323722236 -0.059796080831262
41.6400000009089 0.965521241964211 0.0476568944087025
41.7000000009102 2.56676155534115 0.1
41.7600000009115 4.9740875973547 0.1
41.8200000009128 7.60138469072868 0.1
41.8800000009142 9.76719452086203 0.1
41.9400000009155 11.0017214392536 0.1
42.0000000009168 11.1219822472913 0.1
42.0600000009181 10.1621314979722 0.024682391987674
42.1200000009194 8.3228853158015 -0.0644961569752813
42.1800000009207 5.93674608397546 -0.1
42.240000000922 3.50732363330474 -0.1
42.3000000009233 1.55908323526737 -0.1
42.3600000009246 0.581975901815468 -0.075431259330511
42.4200000009259 0.809342192061592 0.0274580082022182
42.4800000009272 2.20175696621365 0.1
42.5400000009286 4.48964162135977 0.1
42.6000000009299 7.12870373807758 0.1
42.6600000009312 9.45108373984735 0.1
42.7200000009325 10.9118945979588 0.1
42.7800000009338 11.2759819866284 0.1
42.8400000009351 10.5328938383948 0.0465647941840949
42.9000000009364 8.84603599154335 -0.0462974483700144
42.9600000009377 6.53557713890771 -0.1
43.020000000939 4.09531417645721 -0.1
43.0800000009403 2.04844017057221 -0.1
43.1400000009417 0.905712377445127 -0.0858984786041539
43.200000000943 0.936374880566603 0.0124715835764822
43.2600000009443 2.14674876613827 0.1
43.3200000009456 4.32737244773062 0.1
43.3800000009469 6.94870791759854 0.1
43.4400000009482 9.3633764036781 0.1
43.5000000009495 10.9822900504599 0.1
43.5600000009508 11.5273809251196 0.1
43.6200000009521 10.9546307234514 0.0651035129803169
43.6800000009534 9.39941094319539 -0.0295013264197597
43.7400000009548 7.1844049648771 -0.1
43.8000000009561 4.73871014833108 -0.1
43.8600000009574 2.57849959436081 -0.1
43.9200000009587 1.21752476788353 -0.1
43.98000000096 0.981713539774319 -0.00953928621565693
44.0400000009613 1.948872755759 0.1
44.1000000009626 3.97496626026941 0.1
44.1600000009639 6.58111126498238 0.1
44.2200000009652 9.1322606861572 0.1
44.2800000009665 10.9858357342981 0.1
44.3400000009678 11.7949623834707 0.1
44.4000000009692 11.4675404062946 0.090830501420835
44.4600000009705 10.113754566737 -0.00520355246792056
44.5200000009718 8.01180718182238 -0.0861662796075203
44.5800000009731 5.5354935238725 -0.1
44.6400000009744 3.1890752877153 -0.1
44.7000000009757 1.47851511245358 -0.1
44.760000000977 0.831932463484776 -0.0453129830389921
44.8200000009783 1.4138217057131 0.0633027134925407
44.8800000009796 3.14193972809582 0.1
44.9400000009809 5.60196101471666 0.1
45.0000000009823 8.18324189983787 0.1
45.0600000009836 10.2145436175794 0.1
45.1200000009849 11.283619610354 0.1
45.1800000009862 11.2425229393832 0.1
45.2400000009875 10.1546638364582 0.0139381122738177
45.3000000009888 8.24073137253654 -0.0715684397018066
45.3600000009901 5.83861220325326 -0.1
45.4200000009914 3.44509206676565 -0.1
45.4800000009927 1.57042424640292 -0.1
45.540000000994 0.685943287269055 -0.0666415307340043
45.6000000009954 1.00952696728461 0.0375692174165981
45.6600000009967 2.4845062322957 0.1
45.720000000998 4.81112411451818 0.1
45.7800000009993 7.41824695106675 0.1
45.8400000010006 9.64095548308262 0.1
45.9000000010019 10.9791572055198 0.1
45.9600000010032 11.2255770867853 0.1
46.0200000010045 10.3902312915217 0.0374072326989555
46.0800000010058 8.65138344932552 -0.0526776679308822
46.1400000010071 6.32756773180176 -0.1
46.2000000010084 3.91682885840874 -0.1
46.2600000010098 1.94522659289527 -0.1
46.3200000010111 0.910232655736706 -0.0768740984072367
46.3800000010124 1.05833891791531 0.0235161491658756
