0 59.0343115329281 0.0590343115329281
0.0600000000013097 59.8142771898021 0.0699028476284101
0.120000000002619 60.6523831467028 0.0748645990744038
0.180000000003929 61.4265360818196 0.0787914023263239
0.240000000005239 61.9247645044044 0.0807057456815364
0.300000000006548 61.9579682644943 0.0805812220168711
0.360000000007858 61.4976312763341 0.079697903336711
0.420000000009168 60.6205003321641 0.0789847194458776
0.480000000010477 59.4811631716895 0.0792292002732908
0.540000000011787 58.2695706145717 0.0809116536477775
0.600000000013097 57.166253183851 0.0841406041281186
0.660000000014406 56.3050288408417 0.0886751239131849
0.720000000015716 55.7498551176413 0.0940153633288009
0.780000000017026 55.4887827350526 0.0995344624154314
0.840000000018335 55.444481949923 0.1
0.900000000019645 55.4927305501024 0.1
0.960000000020955 55.5058104554566 0.1
1.02000000002226 55.3820419976603 0.1
1.08000000002357 55.0605420008405 0.1
1.14000000002488 54.5281158710518 0.1
1.20000000002619 53.8157952941419 0.1
1.2600000000275 52.986736551488 0.1
1.32000000002881 52.1191506950961 0.1
1.38000000003012 51.2885179679801 0.1
1.44000000003143 50.5527723083533 0.1
1.50000000003274 49.9430724702532 0.1
1.56000000003405 49.4610378199966 0.1
1.62000000003536 49.0822283613929 0.1
1.68000000003667 48.7644244971518 0.1
1.74000000003798 48.4584228416308 0.1
1.80000000003929 48.1188986229415 0.1
1.8600000000406 47.7130918582495 0.1
1.92000000004191 47.2258298988981 0.1
1.98000000004322 46.6603211406631 0.1
2.04000000004453 46.0350798393308 0.1
2.10000000004584 45.3781406802914 0.1
2.16000000004715 44.7200931540628 0.1
2.22000000004846 44.087547903557 0.1
2.28000000004977 43.4982687848664 0.1
2.34000000005108 42.9587493756516 0.1
2.40000000005239 42.4643813995716 0.1
2.4600000000537 42.0018415423247 0.1
2.52000000005501 41.5529532907778 0.1
2.58000000005632 41.0990175720922 0.1
2.64000000005763 40.6246894038101 0.1
2.70000000005894 40.1206933166863 0.1
2.76000000006024 39.5849083126176 0.1
2.82000000006155 39.0218485920433 0.1
2.88000000006286 38.4408659702356 0.1
2.94000000006417 37.853602856936 0.1
3.00000000006548 37.2713057166277 0.1
3.06000000006679 36.7025852150712 0.1
3.1200000000681 36.1520150905939 0.1
3.18000000006941 35.6197379118016 0.1
3.24000000007072 35.1020307416804 0.1
3.30000000007203 34.5925824486898 0.1
3.36000000007334 34.0841298416888 0.1
3.42000000007465 33.5700727263023 0.1
3.48000000007596 33.0457413736541 0.1
3.54000000007727 32.5091108563169 0.1
3.60000000007858 31.9608568402216 0.1
3.66000000007989 31.4038552942831 0.1
3.7200000000812 30.8423061087931 0.1
3.78000000008251 30.2806877964905 0.1
3.84000000008382 29.7228151855274 0.1
3.90000000008513 29.1711409754518 0.1
3.96000000008644 28.6264417063334 0.1
4.02000000008775 28.0878864382036 0.1
4.08000000008906 27.5534286445278 0.1
4.14000000009037 27.0203889846793 0.1
4.20000000009168 26.4860947562246 0.1
4.26000000009299 25.9484366771037 0.1
4.3200000000943 25.4062239246974 0.1
4.38000000009561 24.8593171234178 0.1
4.44000000009692 24.3085097097798 0.1
4.50000000009823 23.7552456608155 0.1
4.56000000009954 23.2012382333815 0.1
4.62000000010084 22.6480757781204 0.1
4.68000000010215 22.0969147436162 0.1
4.74000000010346 21.5483129013199 0.1
4.80000000010477 21.0021863927166 0.1
4.86000000010608 20.4579193515192 0.1
4.92000000010739 19.9145634780752 0.1
4.9800000001087 19.3710855346034 0.1
5.04000000011001 18.8265956481846 0.1
5.10000000011132 18.280506779936 0.1
5.16000000011263 17.7326284621112 0.1
5.22000000011394 17.1831507692865 0.1
5.28000000011525 16.6325540437474 0.1
5.34000000011656 16.0814778429667 0.1
5.40000000011787 15.5305673916257 0.1
5.46000000011918 14.9803462397293 0.1
5.52000000012049 14.431117365074 0.1
5.5800000001218 13.882946767062 0.1
5.64000000012311 13.3356727270394 0.1
5.70000000012442 12.7889754319791 0.1
5.76000000012573 12.2424665603307 0.1
5.82000000012704 11.6957834121873 0.1
5.88000000012835 11.148661480784 0.1
5.94000000012966 10.6009776079516 0.1
6.00000000013097 10.0527598307471 0.1
6.06000000013228 9.50416533979215 0.1
6.12000000013359 8.95542889753818 0.0999874063641183
6.1800000001349 8.40679824240345 0.0999440651628658
6.24000000013621 7.8584772496032 0.0998698333245059
6.30000000013752 7.31064991483998 0.0997647588016179
6.36000000013883 6.76350251640284 0.0996290876902242
6.42000000014013 6.21723357122099 0.0994631732031178
6.48000000014144 5.67205592452274 0.0992674130659281
6.54000000014275 5.12819865984949 0.099042250904394
6.60000000014406 4.58590912868786 0.0987881803668895
6.66000000014537 4.04543996952461 0.0985056073725558
6.72000000014668 3.50703560979375 0.0981948318113534
6.78000000014799 2.97093630805605 0.0978561975047123
6.8400000001493 2.43736136866983 0.0974899006003778
6.90000000015061 1.90651850717026 0.0970962161650327
6.96000000015192 1.37860148294283 0.0966753972070508
7.02000000015323 0.853794780966155 0.0962277375440224
7.08000000015454 0.332274844404196 0.0957535438099138
7.14000000015585 -0.18578206216452 0.0952531985628913
7.20000000015716 -0.700196483251148 0.0947271263984922
7.26000000015847 -1.21078156047855 0.0941758056264606
7.32000000015978 -1.71734649883197 0.0935997010554575
7.38000000016109 -2.21969799482304 0.0929992796994597
7.4400000001624 -2.7176438398314 0.0923749889822463
7.50000000016371 -3.21099548463513 0.0917272626100645
7.56000000016502 -3.69957424805514 0.0910564834032866
7.62000000016633 -4.1832115677899 0.0903630320868552
7.68000000016764 -4.66175088769231 0.0896472710456204
7.74000000016895 -5.13504295577991 0.0889096034986351
7.80000000017026 -5.60294901319978 0.088150403922646
7.86000000017157 -6.06533171408984 0.0873701292899833
7.92000000017288 -6.52205457856073 0.0865692484542823
7.98000000017419 -6.97297874534038 0.0857482680435323
8.0400000001755 -7.41796359037741 0.0849076997309171
8.10000000017681 -7.85686712317661 0.0840480617726978
8.16000000017812 -8.28955269713455 0.083169819360577
8.22000000017943 -8.71588306756692 0.0822734960354578
8.28000000018073 -9.13572883805443 0.0813595448675477
8.34000000018204 -9.54896868730583 0.0804284162406785
8.40000000018335 -9.95548341115722 0.0794806152238102
8.46000000018466 -10.3551681339277 0.0785165370886633
8.52000000018597 -10.74792504575 0.0775366364319821
8.58000000018728 -11.1336559205324 0.0765414365106183
8.64000000018859 -11.5122726651817 0.0755313678238168
8.7000000001899 -11.8836868608173 0.0745069536582971
8.76000000019121 -12.2478083534063 0.0734687361898737
8.82000000019252 -12.6045527924633 0.0724171940293515
8.88000000019383 -12.9538321946958 0.0713528933356231
8.94000000019514 -13.2955675682506 0.0702762908136022
9.00000000019645 -13.6296763760361 0.0691879561379795
9.06000000019776 -13.9560846732323 0.068088353681947
9.12000000019907 -14.2747257343714 0.0669779560438678
9.18000000020038 -14.5855315520888 0.0658573120281852
9.24000000020169 -14.8884414271909 0.0647268951892251
9.300000000203 -15.1833994386411 0.0635871987418676
9.36000000020431 -15.4703545133327 0.0624387135360098
9.42000000020562 -15.7492596523946 0.0612819356146955
9.48000000020693 -16.0200706980911 0.0601173711051365
9.54000000020824 -16.2827476771345 0.0589455131542181
9.60000000020955 -16.5372563481129 0.057766838336205
9.66000000021086 -16.7835641547935 0.0565818572160282
9.72000000021217 -17.021641874124 0.0553910650454766
9.78000000021348 -17.2514617993397 0.0541949723632338
9.84000000021479 -17.4730013230053 0.0529940561064136
9.9000000002161 -17.686237052659 0.0517888444370093
9.96000000021741 -17.8911529957996 0.050579790868371
10.0200000002187 -18.0877317100039 0.0493674251593436
10.08000000022 -18.2759614450717 0.0481522125636839
10.1400000002213 -18.4558352232499 0.0469346216461651
10.2000000002226 -18.6273511625622 0.0457151132942884
10.260000000224 -18.7905120477315 0.0444941471374213
10.3200000002253 -18.9453200411348 0.0432722273729068
10.3800000002266 -19.0917853888437 0.042049776949294
10.4400000002279 -19.2299167114475 0.0408273008331855
10.5000000002292 -19.3597247829959 0.0396052697000923
10.5600000002305 -19.4812272349737 0.0383841071104109
10.6200000002318 -19.5944420605164 0.0371642893148363
10.6800000002331 -19.6993847300083 0.0359463181952729
10.7400000002344 -19.7960782812086 0.034730602599602
10.8000000002357 -19.8845497717882 0.0335175752945279
10.8600000002371 -19.9648287372248 0.0323076776476877
10.9200000002384 -20.0369467186369 0.031101351063334
10.9800000002397 -20.1009388172596 0.0298990183255595
11.040000000241 -20.156842673192 0.0287011059316267
11.1000000002423 -20.2047004914991 0.0275080163973464
11.1600000002436 -20.2445563343545 0.0263201703031658
11.2200000002449 -20.2764520696112 0.0251380216736937
11.2800000002462 -20.3004362062035 0.023961941353571
11.3400000002475 -20.3165547020814 0.0227923765814931
11.4000000002488 -20.3248586914349 0.0216297019583292
11.4600000002501 -20.325403347658 0.0204742942106394
11.5200000002515 -20.3182460036322 0.0193265401298258
11.5800000002528 -20.3034457145671 0.0181868248846492
11.6400000002541 -20.2810640426269 0.0170555209046305
11.7000000002554 -20.2511658777706 0.0159329865577604
11.7600000002567 -20.213815123385 0.0148196133174585
11.820000000258 -20.1690822575262 0.0137157188434481
11.8800000002593 -20.1170346657787 0.012621700404294
11.9400000002606 -20.0577482930392 0.0115378450543571
12.0000000002619 -19.9912952425713 0.0104645427046467
12.0600000002632 -19.9177498520575 0.00940212593772488
12.1200000002646 -19.8371882560185 0.00835092461775258
12.1800000002659 -19.7496917411635 0.00731123061824374
12.2400000002672 -19.6553409888558 0.00628337955663226
12.3000000002685 -19.5610111918673 0.00520387405442309
12.3600000002698 -19.4541642851562 0.0042477803516852
12.4200000002711 -19.3239191010961 0.00341357603422576
12.4800000002724 -19.1696780566384 0.00261760189856833
12.5400000002737 -18.9960584305191 0.00181294619934125
12.600000000275 -18.8111926170709 0.000962858683480174
12.6600000002763 -18.6245293835894 4.70286541982051E-05
12.7200000002777 -18.4446376427898 -0.000936186969274852
12.780000000279 -18.2774896974873 -0.00197188670165189
12.8400000002803 -18.1255293088465 -0.00303402104374406
12.9000000002816 -17.9876167021232 -0.00409243028848111
12.9600000002829 -17.8597591941512 -0.00511995082177474
13.0200000002842 -17.7363321257209 -0.00609762401042321
13.0800000002855 -17.6115070156237 -0.00701783897406381
13.1400000002868 -17.4880998962689 -0.00795553443802702
13.2000000002881 -17.3514442728449 -0.00874956127042246
13.2600000002894 -17.187036940063 -0.00938511190942287
13.3200000002907 -16.9901910770091 -0.00993735642541686
13.3800000002921 -16.7629250367968 -0.0104623644111204
13.4400000002934 -16.5128149247672 -0.0110126559294592
13.5000000002947 -16.2506941677482 -0.0116254881142823
13.560000000296 -15.9878647783439 -0.0123160253417228
13.6200000002973 -15.7335140484601 -0.0130763409507697
13.6800000002986 -15.4928661098407 -0.013879454905962
13.7400000002999 -15.2664709850297 -0.0146878214886739
13.8000000003012 -15.0506049955446 -0.0154627345933208
13.8600000003025 -14.8386022554605 -0.0161732417335922
13.9200000003038 -14.622717762542 -0.016802372366159
13.9800000003052 -14.3960272627643 -0.0173493934450081
14.0400000003065 -14.1539310459376 -0.0178281521155507
14.1000000003078 -13.8949789225819 -0.0182624328398292
14.1600000003091 -13.6208798110454 -0.01867936161547
14.2200000003104 -13.3358075847958 -0.0191029952217183
14.2800000003117 -13.0452119196726 -0.0195490836145132
14.340000000313 -12.7544630212878 -0.0200223255535764
14.4000000003143 -12.4676651315029 -0.0205165126433621
14.4600000003156 -12.186892417971 -0.0210171632770325
14.5200000003169 -11.9119506870919 -0.0215055301095
14.5800000003183 -11.6407026373961 -0.0219635048945893
14.6400000003196 -11.3697909495765 -0.022377583679395
14.7000000003209 -11.0955614522964 -0.0227414394570965
14.7600000003222 -10.8149552128747 -0.0230565910126155
14.8200000003235 -10.5261699627607 -0.023331217537848
14.8800000003248 -10.2289613639847 -0.0235775520487414
14.9400000003261 -9.92455986298535 -0.0238086832876747
15.0000000003274 -9.61525567765844 -0.0240354387402911
15.0600000003287 -9.30379317222767 -0.0242642178243411
15.12000000033 -8.99272271092079 -0.0244959777600668
15.1800000003313 -8.6838597548003 -0.0247265422657986
15.2400000003327 -8.37798411578976 -0.0249482399829955
15.300000000334 -8.074795422356 -0.025151930228053
15.3600000003353 -7.77312567232227 -0.0253293058800353
15.4200000003366 -7.4713331794641 -0.0254747705210846
15.4800000003379 -7.16774607659559 -0.025586293099402
15.5400000003392 -6.86108503677065 -0.0256656810204892
15.6000000003405 -6.55073572425073 -0.0257176402456422
15.6600000003418 -6.23684687004786 -0.0257484660229597
15.7200000003431 -5.92023893267159 -0.0257644133951071
15.7800000003444 -5.60217387955075 -0.025770336143562
15.8400000003458 -5.28403978117967 -0.0257686690549834
15.9000000003471 -4.96704989492179 -0.0257592372633703
15.9600000003484 -4.65201363796288 -0.0257396020688531
16.0200000003497 -4.33921000029608 -0.0257057561919769
16.080000000351 -4.02841928673959 -0.0256534450032156
16.1400000003523 -3.71904191683385 -0.0255789880120807
16.2000000003536 -3.41031117891038 -0.0254802645447485
16.2600000003549 -3.10151188293301 -0.0253569846446354
16.3200000003562 -2.792159717473 -0.0252105548165388
16.3800000003575 -2.4821180247927 -0.0250436941451804
16.4400000003589 -2.17161481075138 -0.0248596418084453
16.5000000003602 -1.86117718586951 -0.0246614213910467
16.5600000003615 -1.5515005161655 -0.0244511760454634
16.6200000003628 -1.24329682290261 -0.0242298449652519
16.6800000003641 -0.937158197767758 -0.0239971447330511
16.7400000003654 -0.633449525107835 -0.0237516926358557
16.8000000003667 -0.332281531515719 -0.0234916338597196
16.860000000368 -0.0335296370944889 -0.023215027903281
16.9200000003693 0.263085395326357 -0.0229204349304764
16.9800000003706 0.557891739296679 -0.0226072274859016
17.0400000003719 0.851160964525803 -0.0222756979256428
17.1000000003733 1.14303869601596 -0.021926833653548
17.1600000003746 1.43349266219582 -0.0215622348385534
17.2200000003759 1.72231382799282 -0.0211836815129314
17.2800000003772 2.0091769429373 -0.0207925848718454
17.3400000003785 2.29369231081444 -0.0203900125242105
17.4000000003798 2.57548321650449 -0.0199763964770853
17.4600000003811 2.85425274712449 -0.0195515499072174
17.5200000003824 3.12982422070229 -0.0191148394557444
17.5800000003837 3.40214495888938 -0.0186654794816081
17.640000000385 3.67126494935957 -0.0182027564918119
17.7000000003864 3.93729495380725 -0.0177262386736509
17.7600000003877 4.20035439129697 -0.017235912697327
17.820000000389 4.4605297719913 -0.016732139336935
17.8800000003903 4.71782898454271 -0.0162157384531621
17.9400000003916 4.97217240296254 -0.0156876963083206
18.0000000003929 5.22340703212869 -0.0151489638343333
18.0600000003942 5.47132889070132 -0.0146003686639236
18.1200000003955 5.71572052091923 -0.0140424523720649
18.1800000003968 5.95637678766502 -0.0134755415269852
18.2400000003981 6.19314566017505 -0.0128995788668205
18.3000000003995 6.42593172518919 -0.0123144269607516
18.3600000004008 6.65470197588135 -0.0117198397108469
18.4200000004021 6.87946852404255 -0.0111156692389914
18.4800000004034 7.10026791446805 -0.0105019134214854
18.5400000004047 7.31713325047814 -0.00987880387723137
18.600000000406 7.53007115887061 -0.00924679026277618
18.6600000004073 7.73905391564375 -0.00860642386788136
18.7200000004086 7.94401294424061 -0.00795835513075458
18.7800000004099 8.14484571791705 -0.00730321707166189
18.8400000004112 8.34143072868579 -0.0066415442413911
18.9000000004125 8.53364420734572 -0.00597374154451863
18.9600000004139 8.7279451680497 -0.0052383681900201
19.0200000004152 8.91223091685808 -0.00460280868531679
19.0800000004165 9.07548820289145 -0.00407025929688595
19.1400000004178 9.21629250896004 -0.00356358560663679
19.2000000004191 9.33829822945418 -0.00303793687214679
19.2600000004204 9.44874445948896 -0.00245689506168954
19.3200000004217 9.55640093726348 -0.00179910246316844
19.380000000423 9.66945944781739 -0.00106085944590547
19.4400000004243 9.79382241764388 -0.000254663303738073
19.5000000004256 9.93212413366813 0.000595722078631332
19.560000000427 10.0835880079609 0.00146188588564991
19.6200000004283 10.2446446972091 0.00231756138137175
19.6800000004296 10.4100815441667 0.00314410443523691
19.7400000004309 10.5744004788014 0.00393357146258936
19.8000000004322 10.7330538064556 0.00468899462714141
19.8600000004335 10.8833123987918 0.00542229583577145
19.9200000004348 11.0246257705163 0.00615054324864517
19.9800000004361 11.1584442141946 0.00689141061147371
20.0400000004374 11.2952492268272 0.00773081865234823
20.1000000004387 11.4263212085388 0.00849969464891358
20.1600000004401 11.5407728926783 0.00916809022686491
20.2200000004414 11.6348238968294 0.00979022499827373
20.2800000004427 11.7086703083563 0.0103982200231203
20.340000000444 11.7660002076985 0.0110238723334027
20.4000000004453 11.8127542847374 0.0116912598150167
20.4600000004466 11.8555036153896 0.0124119664760517
20.5200000004479 11.8998691492766 0.0131837925192017
20.5800000004492 11.9493294670472 0.0139926691373727
20.6400000004505 12.0046512176917 0.0148171152350422
20.7000000004518 12.0640104141294 0.0156339604379526
20.7600000004531 12.1236958270543 0.0164237860712442
20.8200000004545 12.1791667775169 0.0171748865078546
20.8800000004558 12.2261999433416 0.0178851767983153
20.9400000004571 12.2618309691868 0.0185614998491668
21.0000000004584 12.2848994885531 0.019216974783874
21.0600000004597 12.2961287839062 0.0198673116061697
21.120000000461 12.2977577232264 0.0205268030419613
21.1800000004623 12.2928611842985 0.0212050991887069
21.2400000004636 12.2845565055466 0.0219054667351042
21.3000000004649 12.2752892010505 0.0226246949014863
21.3600000004662 12.2663468732388 0.0233544415251221
21.4200000004676 12.2576970555456 0.0240836911150979
21.4800000004689 12.2481436607288 0.0248014965305771
21.5400000004702 12.2357386620976 0.0254994724865689
21.6000000004715 12.2183219158466 0.0261733904917874
21.6600000004728 12.1940458619334 0.0268235962924224
21.7200000004741 12.1617781947036 0.0274544385392537
21.7800000004754 12.1212934329587 0.0280727555958778
21.8400000004767 12.0732361196555 0.0286859878534524
21.900000000478 12.0188837435699 0.0293003096454769
21.9600000004793 11.9597969826 0.0299193574961112
22.0200000004807 11.8974434364945 0.0305436273467485
22.080000000482 11.8328706738912 0.0311705333537789
22.1400000004833 11.7665325477357 0.0317954758175685
22.2000000004846 11.6982570531423 0.0324129510091966
22.2600000004859 11.6273700186177 0.0330179433430448
22.3200000004872 11.552913443707 0.0336069154048881
22.3800000004885 11.4739123555095 0.0341784781139812
22.4400000004898 11.3896116806509 0.0347333909178004
22.5000000004911 11.2996440242014 0.0352741770562286
22.5600000004924 11.2040783496516 0.0358042059318378
22.6200000004937 11.1033731838224 0.0363268740630589
22.6800000004951 10.998245824578 0.03684478984151
22.7400000004964 10.8894883855922 0.0373591510411636
22.8000000004977 10.7777981148764 0.0378696883929387
22.860000000499 10.6636390476391 0.0383747743642276
22.9200000005003 10.547181163378 0.0388719905412524
22.9800000005016 10.4283019663461 0.0393586318557913
23.0400000005029 10.3066692175188 0.0398324529950682
23.1000000005042 10.1818514011883 0.0402920040336295
23.1600000005055 10.0534517215356 0.0407369625962634
23.2200000005068 9.92119857739468 0.0411678691627125
23.2800000005082 9.78502722617654 0.0415861477194346
23.3400000005095 9.64507826208454 0.0419934233437988
23.4000000005108 9.50166371537929 0.042391228764919
23.4600000005121 9.355190482442 0.0427805779090073
23.5200000005134 9.20607678506408 0.0431618249484073
23.5800000005147 9.05467795320212 0.0435346640063826
23.640000000516 8.90121858147521 0.043898106584015
23.7000000005173 8.74578596682122 0.0442509774363231
23.7600000005186 8.58833391544846 0.0445919967805658
23.8200000005199 8.42872839283621 0.0449201693678727
23.8800000005213 8.26680972737751 0.0452349830956809
23.9400000005226 8.10244609567914 0.0455363915110704
24.0000000005239 7.93558574765936 0.0458248603385759
